chr1	248956422	6873923	34768
chr10	133797422	1354071	15022
chr11	135086622	2232979	16063
chr11_KI270721v1_random	100316	638	16
chr12	133275309	2994549	24722
chr13	114364328	1058602	10188
chr14	107043718	2736360	37625
chr14_GL000009v2_random	201709	9673	14
chr14_GL000225v1_random	211173	9834	38
chr14_KI270722v1_random	194050	1406	4
chr14_GL000194v1_random	191469	6296	15
chr14_KI270723v1_random	38115	350	3
chr14_KI270724v1_random	39555	411	2
chr14_KI270725v1_random	172810	987	9
chr14_KI270726v1_random	43739	91	1
chr15	101991189	1067744	9729
chr15_KI270727v1_random	448248	1200	29
chr16	90338345	1639611	11575
chr16_KI270728v1_random	1872759	7502	78
chr17	83257441	1902795	13232
chr17_GL000205v2_random	185591	1942	18
chr17_KI270729v1_random	280839	4747	8
chr17_KI270730v1_random	112551	2344	1
chr18	80373285	849051	8096
chr19	58617616	1108241	9557
chr1_KI270706v1_random	175055	5259	10
chr1_KI270707v1_random	32032	369	0
chr1_KI270708v1_random	127682	869	3
chr1_KI270709v1_random	66860	1842	5
chr1_KI270710v1_random	40176	232	1
chr1_KI270711v1_random	42210	1520	6
chr1_KI270712v1_random	176043	1099	4
chr1_KI270713v1_random	40745	17067	41
chr1_KI270714v1_random	41717	193	1
chr2	242193529	2807849	29501
chr20	64444167	937974	8097
chr21	46709983	4390927	32937
chr22	50818468	683882	5360
chr22_KI270731v1_random	150754	787	3
chr22_KI270732v1_random	41543	500	6
chr22_KI270733v1_random	179772	2275954	14730
chr22_KI270734v1_random	165050	3278	13
chr22_KI270735v1_random	42811	918	1
chr22_KI270736v1_random	181920	6963	11
chr22_KI270737v1_random	103838	981	0
chr22_KI270738v1_random	99375	299	2
chr22_KI270739v1_random	73985	172	1
chr2_KI270715v1_random	161471	349	0
chr2_KI270716v1_random	153799	315	1
chr3	198295559	3008292	23067
chr3_GL000221v1_random	155397	1295	3
chr4	190214555	2089251	19009
chr4_GL000008v2_random	209709	2863	7
chr5	181538259	2224305	42429
chr5_GL000208v1_random	92689	288	3
chr6	170805979	1906840	20337
chr7	159345973	2310951	20079
chr8	145138636	1695328	16290
chr9	138394717	1840710	21456
chr9_KI270717v1_random	40062	606	3
chr9_KI270718v1_random	38054	1872	1
chr9_KI270719v1_random	176845	979	4
chr9_KI270720v1_random	39050	275	1
chr1_KI270762v1_alt	354444	1358	24
chr1_KI270766v1_alt	256271	512	4
chr1_KI270760v1_alt	109528	346	11
chr1_KI270765v1_alt	185285	9468	50
chr1_GL383518v1_alt	182439	5974	23
chr1_GL383519v1_alt	110268	3315	14
chr1_GL383520v2_alt	366580	1830	25
chr1_KI270764v1_alt	50258	894	1
chr1_KI270763v1_alt	911658	10943	45
chr1_KI270759v1_alt	425601	2244	18
chr1_KI270761v1_alt	165834	555	3
chr2_KI270770v1_alt	136240	369	15
chr2_KI270773v1_alt	70887	401	3
chr2_KI270774v1_alt	223625	2250	12
chr2_KI270769v1_alt	120616	1359	7
chr2_GL383521v1_alt	143390	533	11
chr2_KI270772v1_alt	133041	843	1
chr2_KI270775v1_alt	138019	350	7
chr2_KI270771v1_alt	110395	384	4
chr2_KI270768v1_alt	110099	532	1
chr2_GL582966v2_alt	96131	622	9
chr2_GL383522v1_alt	123821	836	5
chr2_KI270776v1_alt	174166	1052	11
chr2_KI270767v1_alt	161578	1022	7
chr3_JH636055v2_alt	173151	827	9
chr3_KI270783v1_alt	109187	402	1
chr3_KI270780v1_alt	224108	809	6
chr3_GL383526v1_alt	180671	572	10
chr3_KI270777v1_alt	173649	2144	13
chr3_KI270778v1_alt	248252	732	12
chr3_KI270781v1_alt	113034	454	2
chr3_KI270779v1_alt	205312	1243	3
chr3_KI270782v1_alt	162429	1606	18
chr3_KI270784v1_alt	184404	1294	9
chr4_KI270790v1_alt	220246	899	35
chr4_GL383528v1_alt	376187	1053	20
chr4_KI270787v1_alt	111943	346	3
chr4_GL000257v2_alt	586476	3319	31
chr4_KI270788v1_alt	158965	688	19
chr4_GL383527v1_alt	164536	893	16
chr4_KI270785v1_alt	119912	385	9
chr4_KI270789v1_alt	205944	804	13
chr4_KI270786v1_alt	244096	531	9
chr5_KI270793v1_alt	126136	479	6
chr5_KI270792v1_alt	179043	2259	13
chr5_KI270791v1_alt	195710	2126	12
chr5_GL383532v1_alt	82728	220	3
chr5_GL949742v1_alt	226852	611	4
chr5_KI270794v1_alt	164558	451	6
chr5_GL339449v2_alt	1612928	54025	116
chr5_GL383530v1_alt	101241	416	6
chr5_KI270796v1_alt	172708	536	13
chr5_GL383531v1_alt	173459	533	4
chr5_KI270795v1_alt	131892	810	6
chr6_GL000250v2_alt	4672374	8003	74
chr6_KI270800v1_alt	175808	557	8
chr6_KI270799v1_alt	152148	324	6
chr6_GL383533v1_alt	124736	947	14
chr6_KI270801v1_alt	870480	12387	57
chr6_KI270802v1_alt	75005	185	6
chr6_KB021644v2_alt	185823	412	5
chr6_KI270797v1_alt	197536	1134	10
chr6_KI270798v1_alt	271782	4062	27
chr7_KI270804v1_alt	157952	506	9
chr7_KI270809v1_alt	209586	3496	12
chr7_KI270806v1_alt	158166	1594	4
chr7_GL383534v2_alt	119183	2649	7
chr7_KI270803v1_alt	1111570	4961	72
chr7_KI270808v1_alt	271455	1131	11
chr7_KI270807v1_alt	126434	403	7
chr7_KI270805v1_alt	209988	667	29
chr8_KI270818v1_alt	145606	381	2
chr8_KI270812v1_alt	282736	615	10
chr8_KI270811v1_alt	292436	625	3
chr8_KI270821v1_alt	985506	3837	170
chr8_KI270813v1_alt	300230	718	5
chr8_KI270822v1_alt	624492	1184	32
chr8_KI270814v1_alt	141812	545	19
chr8_KI270810v1_alt	374415	1090	15
chr8_KI270819v1_alt	133535	603	15
chr8_KI270820v1_alt	36640	103	5
chr8_KI270817v1_alt	158983	690	10
chr8_KI270816v1_alt	305841	6691	42
chr8_KI270815v1_alt	132244	1702	7
chr9_GL383539v1_alt	162988	1098	13
chr9_GL383540v1_alt	71551	301	7
chr9_GL383541v1_alt	171286	701	8
chr9_GL383542v1_alt	60032	251	2
chr9_KI270823v1_alt	439082	1463	18
chr10_GL383545v1_alt	179254	560	6
chr10_KI270824v1_alt	181496	858	5
chr10_GL383546v1_alt	309802	751	10
chr10_KI270825v1_alt	188315	2090	21
chr11_KI270832v1_alt	210133	1734	24
chr11_KI270830v1_alt	177092	1852	12
chr11_KI270831v1_alt	296895	5248	45
chr11_KI270829v1_alt	204059	726	15
chr11_GL383547v1_alt	154407	538	8
chr11_JH159136v1_alt	200998	546	16
chr11_JH159137v1_alt	191409	550	16
chr11_KI270827v1_alt	67707	600	4
chr11_KI270826v1_alt	186169	459	7
chr12_GL877875v1_alt	167313	1497	14
chr12_GL877876v1_alt	408271	5943	19
chr12_KI270837v1_alt	40090	449	3
chr12_GL383549v1_alt	120804	577	3
chr12_KI270835v1_alt	238139	2006	11
chr12_GL383550v2_alt	169178	964	3
chr12_GL383552v1_alt	138655	694	15
chr12_GL383553v2_alt	152874	626	3
chr12_KI270834v1_alt	119498	1435	9
chr12_GL383551v1_alt	184319	646	10
chr12_KI270833v1_alt	76061	264	7
chr12_KI270836v1_alt	56134	178	7
chr13_KI270840v1_alt	191684	585	3
chr13_KI270839v1_alt	180306	657	4
chr13_KI270843v1_alt	103832	308	4
chr13_KI270841v1_alt	169134	494	10
chr13_KI270838v1_alt	306913	1069	20
chr13_KI270842v1_alt	37287	133	2
chr14_KI270844v1_alt	322166	9135	23
chr14_KI270847v1_alt	1511111	10704	83
chr14_KI270845v1_alt	180703	687	11
chr14_KI270846v1_alt	1351393	343972	268
chr15_KI270852v1_alt	478999	1336	16
chr15_KI270851v1_alt	263054	1760	9
chr15_KI270848v1_alt	327382	2215	21
chr15_GL383554v1_alt	296527	960	12
chr15_KI270849v1_alt	244917	1477	14
chr15_GL383555v2_alt	388773	1471	32
chr15_KI270850v1_alt	430880	5745	17
chr16_KI270854v1_alt	134193	2162	12
chr16_KI270856v1_alt	63982	239	2
chr16_KI270855v1_alt	232857	3642	39
chr16_KI270853v1_alt	2659700	35445	199
chr16_GL383556v1_alt	192462	644	3
chr16_GL383557v1_alt	89672	983	3
chr17_GL383563v3_alt	375691	1641	12
chr17_KI270862v1_alt	391357	4830	29
chr17_KI270861v1_alt	196688	2837	14
chr17_KI270857v1_alt	2877074	29550	205
chr17_JH159146v1_alt	278131	950	23
chr17_JH159147v1_alt	70345	301	4
chr17_GL383564v2_alt	133151	425	5
chr17_GL000258v2_alt	1821992	13101	80
chr17_GL383565v1_alt	223995	967	12
chr17_KI270858v1_alt	235827	1196	7
chr17_KI270859v1_alt	108763	6107	8
chr17_GL383566v1_alt	90219	727	6
chr17_KI270860v1_alt	178921	2015	21
chr18_KI270864v1_alt	111737	317	5
chr18_GL383567v1_alt	289831	1085	17
chr18_GL383570v1_alt	164789	481	10
chr18_GL383571v1_alt	198278	564	12
chr18_GL383568v1_alt	104552	337	4
chr18_GL383569v1_alt	167950	359	9
chr18_GL383572v1_alt	159547	472	2
chr18_KI270863v1_alt	167999	778	17
chr19_KI270868v1_alt	61734	721	9
chr19_KI270865v1_alt	52969	907	5
chr19_GL383573v1_alt	385657	1330	9
chr19_GL383575v2_alt	170222	643	7
chr19_GL383576v1_alt	188024	606	4
chr19_GL383574v1_alt	155864	2913	11
chr19_KI270866v1_alt	43156	5814	27
chr19_KI270867v1_alt	233762	1514	8
chr19_GL949746v1_alt	987716	3099	44
chr20_GL383577v2_alt	128386	379	7
chr20_KI270869v1_alt	118774	837	4
chr20_KI270871v1_alt	58661	423	4
chr20_KI270870v1_alt	183433	1285	12
chr21_GL383578v2_alt	63917	160	5
chr21_KI270874v1_alt	166743	406	5
chr21_KI270873v1_alt	143900	565	10
chr21_GL383579v2_alt	201197	489	4
chr21_GL383580v2_alt	74653	964	6
chr21_GL383581v2_alt	116689	973	8
chr21_KI270872v1_alt	82692	684	5
chr22_KI270875v1_alt	259914	1237	17
chr22_KI270878v1_alt	186262	1677	11
chr22_KI270879v1_alt	304135	5929	20
chr22_KI270876v1_alt	263666	4516	23
chr22_KI270877v1_alt	101331	515	10
chr22_GL383583v2_alt	96924	279	9
chr22_GL383582v2_alt	162811	1329	4
chrX_KI270880v1_alt	284869	916	13
chrX_KI270881v1_alt	144206	371	3
chr19_KI270882v1_alt	248807	64	1
chr19_KI270883v1_alt	170399	50	0
chr19_KI270884v1_alt	157053	29	1
chr19_KI270885v1_alt	171027	51	0
chr19_KI270886v1_alt	204239	50	0
chr19_KI270887v1_alt	209512	79	1
chr19_KI270888v1_alt	155532	33	1
chr19_KI270889v1_alt	170698	52	2
chr19_KI270890v1_alt	184499	59	1
chr19_KI270891v1_alt	170680	47	1
chr1_KI270892v1_alt	162212	595	0
chr2_KI270894v1_alt	214158	1053	7
chr2_KI270893v1_alt	161218	1045	4
chr3_KI270895v1_alt	162896	1418	2
chr4_KI270896v1_alt	378547	1403	14
chr5_KI270897v1_alt	1144418	45716	81
chr5_KI270898v1_alt	130957	740	10
chr6_GL000251v2_alt	4795265	19232	203
chr7_KI270899v1_alt	190869	1265	12
chr8_KI270901v1_alt	136959	332	10
chr8_KI270900v1_alt	318687	684	8
chr11_KI270902v1_alt	106711	403	8
chr11_KI270903v1_alt	214625	1951	11
chr12_KI270904v1_alt	572349	11518	20
chr15_KI270906v1_alt	196384	418	15
chr15_KI270905v1_alt	5161414	25592	301
chr17_KI270907v1_alt	137721	344	8
chr17_KI270910v1_alt	157099	863	11
chr17_KI270909v1_alt	325800	705	14
chr17_JH159148v1_alt	88070	169	1
chr17_KI270908v1_alt	1423190	12729	62
chr18_KI270912v1_alt	174061	379	6
chr18_KI270911v1_alt	157710	464	5
chr19_GL949747v2_alt	729520	1405	14
chr22_KB663609v1_alt	74013	644	4
chrX_KI270913v1_alt	274009	713	10
chr19_KI270914v1_alt	205194	50	1
chr19_KI270915v1_alt	170665	49	0
chr19_KI270916v1_alt	184516	59	1
chr19_KI270917v1_alt	190932	83	0
chr19_KI270918v1_alt	123111	33	1
chr19_KI270919v1_alt	170701	49	0
chr19_KI270920v1_alt	198005	44	0
chr19_KI270921v1_alt	282224	97	1
chr19_KI270922v1_alt	187935	56	0
chr19_KI270923v1_alt	189352	54	0
chr3_KI270924v1_alt	166540	1074	6
chr4_KI270925v1_alt	555799	1827	29
chr6_GL000252v2_alt	4604811	14655	110
chr8_KI270926v1_alt	229282	782	12
chr11_KI270927v1_alt	218612	930	20
chr19_GL949748v2_alt	1064304	1159	14
chr22_KI270928v1_alt	176103	1460	10
chr19_KI270929v1_alt	186203	44	1
chr19_KI270930v1_alt	200773	67	4
chr19_KI270931v1_alt	170148	35	1
chr19_KI270932v1_alt	215732	65	0
chr19_KI270933v1_alt	170537	45	0
chr19_GL000209v2_alt	177381	24	1
chr3_KI270934v1_alt	163458	1439	7
chr6_GL000253v2_alt	4677643	21261	106
chr19_GL949749v2_alt	1091841	1148	19
chr3_KI270935v1_alt	197351	1096	4
chr6_GL000254v2_alt	4827813	12745	142
chr19_GL949750v2_alt	1066390	1194	11
chr3_KI270936v1_alt	164170	1423	9
chr6_GL000255v2_alt	4606388	16291	144
chr19_GL949751v2_alt	1002683	1201	7
chr3_KI270937v1_alt	165607	1646	7
chr6_GL000256v2_alt	4929269	14159	129
chr19_GL949752v1_alt	987100	3513	34
chr6_KI270758v1_alt	76752	143	1
chr19_GL949753v2_alt	796479	1450	18
chr19_KI270938v1_alt	1066800	3334	32
chrM	16569	1924353	4909
chrUn_KI270302v1	2274	18	0
chrUn_KI270304v1	2165	15	0
chrUn_KI270303v1	1942	10	0
chrUn_KI270305v1	1472	8	0
chrUn_KI270322v1	21476	30	0
chrUn_KI270320v1	4416	55	0
chrUn_KI270310v1	1201	11	0
chrUn_KI270316v1	1444	5	0
chrUn_KI270315v1	2276	4	0
chrUn_KI270312v1	998	7	0
chrUn_KI270311v1	12399	16	0
chrUn_KI270317v1	37690	19	0
chrUn_KI270412v1	1179	2	0
chrUn_KI270411v1	2646	6	0
chrUn_KI270414v1	2489	4	0
chrUn_KI270419v1	1029	1	1
chrUn_KI270418v1	2145	1	0
chrUn_KI270420v1	2321	15	0
chrUn_KI270424v1	2140	6	0
chrUn_KI270417v1	2043	5	0
chrUn_KI270422v1	1445	0	0
chrUn_KI270423v1	981	6	0
chrUn_KI270425v1	1884	2	0
chrUn_KI270429v1	1361	3	0
chrUn_KI270442v1	392061	17161	105
chrUn_KI270466v1	1233	3629	5
chrUn_KI270465v1	1774	2	0
chrUn_KI270467v1	3920	11767	6
chrUn_KI270435v1	92983	604	2
chrUn_KI270438v1	112505	10093	11
chrUn_KI270468v1	4055	18	0
chrUn_KI270510v1	2415	8	0
chrUn_KI270509v1	2318	10	0
chrUn_KI270518v1	2186	11	0
chrUn_KI270508v1	1951	56	0
chrUn_KI270516v1	1300	4	0
chrUn_KI270512v1	22689	202	0
chrUn_KI270519v1	138126	806	2
chrUn_KI270522v1	5674	14	0
chrUn_KI270511v1	8127	39	0
chrUn_KI270515v1	6361	45	0
chrUn_KI270507v1	5353	69	0
chrUn_KI270517v1	3253	20	1
chrUn_KI270529v1	1899	8	0
chrUn_KI270528v1	2983	9	0
chrUn_KI270530v1	2168	20	0
chrUn_KI270539v1	993	0	0
chrUn_KI270538v1	91309	602	2
chrUn_KI270544v1	1202	8	0
chrUn_KI270548v1	1599	2	0
chrUn_KI270583v1	1400	13	0
chrUn_KI270587v1	2969	18	0
chrUn_KI270580v1	1553	25	0
chrUn_KI270581v1	7046	23	0
chrUn_KI270579v1	31033	58	1
chrUn_KI270589v1	44474	462	0
chrUn_KI270590v1	4685	49	0
chrUn_KI270584v1	4513	24	0
chrUn_KI270582v1	6504	20	1
chrUn_KI270588v1	6158	34	0
chrUn_KI270593v1	3041	12	0
chrUn_KI270591v1	5796	157	0
chrUn_KI270330v1	1652	677	2
chrUn_KI270329v1	1040	8	0
chrUn_KI270334v1	1368	7	0
chrUn_KI270333v1	2699	449	1
chrUn_KI270335v1	1048	6	0
chrUn_KI270338v1	1428	5	0
chrUn_KI270340v1	1428	29	0
chrUn_KI270336v1	1026	119	0
chrUn_KI270337v1	1121	387	0
chrUn_KI270363v1	1803	0	0
chrUn_KI270364v1	2855	10	0
chrUn_KI270362v1	3530	18	0
chrUn_KI270366v1	8320	17	0
chrUn_KI270378v1	1048	1	1
chrUn_KI270379v1	1045	0	0
chrUn_KI270389v1	1298	6	0
chrUn_KI270390v1	2387	2	0
chrUn_KI270387v1	1537	2	0
chrUn_KI270395v1	1143	0	0
chrUn_KI270396v1	1880	0	0
chrUn_KI270388v1	1216	4	0
chrUn_KI270394v1	970	0	0
chrUn_KI270386v1	1788	3	0
chrUn_KI270391v1	1484	0	0
chrUn_KI270383v1	1750	2	0
chrUn_KI270393v1	1308	30	0
chrUn_KI270384v1	1658	2	0
chrUn_KI270392v1	971	2	0
chrUn_KI270381v1	1930	2	0
chrUn_KI270385v1	990	2	0
chrUn_KI270382v1	4215	8	0
chrUn_KI270376v1	1136	0	0
chrUn_KI270374v1	2656	21	0
chrUn_KI270372v1	1650	1	0
chrUn_KI270373v1	1451	5	0
chrUn_KI270375v1	2378	0	0
chrUn_KI270371v1	2805	9	0
chrUn_KI270448v1	7992	61	0
chrUn_KI270521v1	7642	32	0
chrUn_GL000195v1	182896	1926	14
chrUn_GL000219v1	179198	1182	15
chrUn_GL000220v1	161802	2043106	13245
chrUn_GL000224v1	179693	3461	4
chrUn_KI270741v1	157432	328	10
chrUn_GL000226v1	15008	200	0
chrUn_GL000213v1	164239	382	12
chrUn_KI270743v1	210658	2050	6
chrUn_KI270744v1	168472	3438	6
chrUn_KI270745v1	41891	619	0
chrUn_KI270746v1	66486	522	0
chrUn_KI270747v1	198735	461	3
chrUn_KI270748v1	93321	327	0
chrUn_KI270749v1	158759	760	4
chrUn_KI270750v1	148850	791	6
chrUn_KI270751v1	150742	2299	8
chrUn_KI270752v1	27745	14142	220
chrUn_KI270753v1	62944	319	0
chrUn_KI270754v1	40191	182	1
chrUn_KI270755v1	36723	86	0
chrUn_KI270756v1	79590	911	0
chrUn_KI270757v1	71251	703	2
chrUn_GL000214v1	137718	2645	8
chrUn_KI270742v1	186739	1645	6
chrUn_GL000216v2	176608	6686	22
chrUn_GL000218v1	161147	3393	5
chrX	156040895	1383433	14480
chrY	57227415	102127	1797
chrY_KI270740v1_random	37240	18	0
*	0	0	252116
