chr1	248956422	4124903	29273
chr10	133797422	1326605	15035
chr11	135086622	1799746	15567
chr11_KI270721v1_random	100316	809	12
chr12	133275309	1845043	19669
chr13	114364328	799279	9628
chr14	107043718	1808959	32477
chr14_GL000009v2_random	201709	3138	10
chr14_GL000225v1_random	211173	11060	36
chr14_KI270722v1_random	194050	602	6
chr14_GL000194v1_random	191469	2189	10
chr14_KI270723v1_random	38115	311	0
chr14_KI270724v1_random	39555	255	4
chr14_KI270725v1_random	172810	998	7
chr14_KI270726v1_random	43739	70	3
chr15	101991189	993250	9262
chr15_KI270727v1_random	448248	1122	12
chr16	90338345	1176236	10135
chr16_KI270728v1_random	1872759	4766	52
chr17	83257441	1867258	12191
chr17_GL000205v2_random	185591	1827	15
chr17_KI270729v1_random	280839	3309	15
chr17_KI270730v1_random	112551	2562	1
chr18	80373285	579087	7990
chr19	58617616	849901	8911
chr1_KI270706v1_random	175055	1177	5
chr1_KI270707v1_random	32032	145	2
chr1_KI270708v1_random	127682	284	2
chr1_KI270709v1_random	66860	1020	1
chr1_KI270710v1_random	40176	95	0
chr1_KI270711v1_random	42210	1522	3
chr1_KI270712v1_random	176043	836	3
chr1_KI270713v1_random	40745	11292	31
chr1_KI270714v1_random	41717	216	5
chr2	242193529	2670070	28020
chr20	64444167	1207100	8357
chr21	46709983	3338757	24207
chr22	50818468	421765	4833
chr22_KI270731v1_random	150754	571	6
chr22_KI270732v1_random	41543	500	10
chr22_KI270733v1_random	179772	1557988	10269
chr22_KI270734v1_random	165050	668	8
chr22_KI270735v1_random	42811	902	1
chr22_KI270736v1_random	181920	8454	18
chr22_KI270737v1_random	103838	697	2
chr22_KI270738v1_random	99375	350	1
chr22_KI270739v1_random	73985	91	0
chr2_KI270715v1_random	161471	338	1
chr2_KI270716v1_random	153799	495	3
chr3	198295559	2470438	21187
chr3_GL000221v1_random	155397	1322	3
chr4	190214555	1539615	18630
chr4_GL000008v2_random	209709	2117	7
chr5	181538259	1850799	39522
chr5_GL000208v1_random	92689	431	1
chr6	170805979	1849962	18205
chr7	159345973	1831560	19963
chr8	145138636	1647613	16210
chr9	138394717	1447606	18491
chr9_KI270717v1_random	40062	389	0
chr9_KI270718v1_random	38054	1763	1
chr9_KI270719v1_random	176845	895	6
chr9_KI270720v1_random	39050	301	0
chr1_KI270762v1_alt	354444	1395	19
chr1_KI270766v1_alt	256271	555	10
chr1_KI270760v1_alt	109528	346	3
chr1_KI270765v1_alt	185285	6216	26
chr1_GL383518v1_alt	182439	2076	16
chr1_GL383519v1_alt	110268	919	4
chr1_GL383520v2_alt	366580	1298	11
chr1_KI270764v1_alt	50258	160	2
chr1_KI270763v1_alt	911658	3619	53
chr1_KI270759v1_alt	425601	1434	24
chr1_KI270761v1_alt	165834	313	3
chr2_KI270770v1_alt	136240	672	4
chr2_KI270773v1_alt	70887	508	6
chr2_KI270774v1_alt	223625	1303	13
chr2_KI270769v1_alt	120616	1041	11
chr2_GL383521v1_alt	143390	578	12
chr2_KI270772v1_alt	133041	888	0
chr2_KI270775v1_alt	138019	356	0
chr2_KI270771v1_alt	110395	307	4
chr2_KI270768v1_alt	110099	963	4
chr2_GL582966v2_alt	96131	791	5
chr2_GL383522v1_alt	123821	772	3
chr2_KI270776v1_alt	174166	720	17
chr2_KI270767v1_alt	161578	479	6
chr3_JH636055v2_alt	173151	902	6
chr3_KI270783v1_alt	109187	374	9
chr3_KI270780v1_alt	224108	914	8
chr3_GL383526v1_alt	180671	686	6
chr3_KI270777v1_alt	173649	1205	9
chr3_KI270778v1_alt	248252	761	16
chr3_KI270781v1_alt	113034	449	5
chr3_KI270779v1_alt	205312	1141	9
chr3_KI270782v1_alt	162429	1244	8
chr3_KI270784v1_alt	184404	979	3
chr4_KI270790v1_alt	220246	784	18
chr4_GL383528v1_alt	376187	1048	13
chr4_KI270787v1_alt	111943	284	5
chr4_GL000257v2_alt	586476	4068	22
chr4_KI270788v1_alt	158965	542	24
chr4_GL383527v1_alt	164536	394	9
chr4_KI270785v1_alt	119912	239	7
chr4_KI270789v1_alt	205944	465	13
chr4_KI270786v1_alt	244096	277	5
chr5_KI270793v1_alt	126136	506	6
chr5_KI270792v1_alt	179043	886	14
chr5_KI270791v1_alt	195710	1567	19
chr5_GL383532v1_alt	82728	219	2
chr5_GL949742v1_alt	226852	655	8
chr5_KI270794v1_alt	164558	441	11
chr5_GL339449v2_alt	1612928	13749	59
chr5_GL383530v1_alt	101241	399	5
chr5_KI270796v1_alt	172708	509	9
chr5_GL383531v1_alt	173459	469	7
chr5_KI270795v1_alt	131892	673	5
chr6_GL000250v2_alt	4672374	7075	61
chr6_KI270800v1_alt	175808	599	16
chr6_KI270799v1_alt	152148	347	7
chr6_GL383533v1_alt	124736	525	8
chr6_KI270801v1_alt	870480	8477	43
chr6_KI270802v1_alt	75005	188	4
chr6_KB021644v2_alt	185823	337	14
chr6_KI270797v1_alt	197536	1147	15
chr6_KI270798v1_alt	271782	2965	24
chr7_KI270804v1_alt	157952	543	8
chr7_KI270809v1_alt	209586	3204	6
chr7_KI270806v1_alt	158166	1782	8
chr7_GL383534v2_alt	119183	1314	3
chr7_KI270803v1_alt	1111570	4247	79
chr7_KI270808v1_alt	271455	928	10
chr7_KI270807v1_alt	126434	592	5
chr7_KI270805v1_alt	209988	1088	17
chr8_KI270818v1_alt	145606	421	8
chr8_KI270812v1_alt	282736	705	9
chr8_KI270811v1_alt	292436	783	8
chr8_KI270821v1_alt	985506	3520	126
chr8_KI270813v1_alt	300230	749	10
chr8_KI270822v1_alt	624492	1999	33
chr8_KI270814v1_alt	141812	482	14
chr8_KI270810v1_alt	374415	2884	11
chr8_KI270819v1_alt	133535	522	13
chr8_KI270820v1_alt	36640	174	2
chr8_KI270817v1_alt	158983	1165	14
chr8_KI270816v1_alt	305841	5541	35
chr8_KI270815v1_alt	132244	1304	7
chr9_GL383539v1_alt	162988	854	8
chr9_GL383540v1_alt	71551	238	7
chr9_GL383541v1_alt	171286	646	12
chr9_GL383542v1_alt	60032	268	1
chr9_KI270823v1_alt	439082	1493	20
chr10_GL383545v1_alt	179254	693	9
chr10_KI270824v1_alt	181496	806	6
chr10_GL383546v1_alt	309802	910	12
chr10_KI270825v1_alt	188315	3247	17
chr11_KI270832v1_alt	210133	1849	19
chr11_KI270830v1_alt	177092	585	13
chr11_KI270831v1_alt	296895	2521	51
chr11_KI270829v1_alt	204059	463	10
chr11_GL383547v1_alt	154407	380	13
chr11_JH159136v1_alt	200998	423	11
chr11_JH159137v1_alt	191409	423	14
chr11_KI270827v1_alt	67707	357	4
chr11_KI270826v1_alt	186169	404	8
chr12_GL877875v1_alt	167313	1142	15
chr12_GL877876v1_alt	408271	2327	13
chr12_KI270837v1_alt	40090	157	1
chr12_GL383549v1_alt	120804	298	2
chr12_KI270835v1_alt	238139	1048	9
chr12_GL383550v2_alt	169178	588	8
chr12_GL383552v1_alt	138655	437	6
chr12_GL383553v2_alt	152874	427	7
chr12_KI270834v1_alt	119498	572	7
chr12_GL383551v1_alt	184319	545	9
chr12_KI270833v1_alt	76061	254	6
chr12_KI270836v1_alt	56134	187	4
chr13_KI270840v1_alt	191684	598	5
chr13_KI270839v1_alt	180306	589	8
chr13_KI270843v1_alt	103832	236	7
chr13_KI270841v1_alt	169134	402	8
chr13_KI270838v1_alt	306913	897	11
chr13_KI270842v1_alt	37287	98	3
chr14_KI270844v1_alt	322166	3649	15
chr14_KI270847v1_alt	1511111	10157	88
chr14_KI270845v1_alt	180703	712	16
chr14_KI270846v1_alt	1351393	188269	172
chr15_KI270852v1_alt	478999	1205	8
chr15_KI270851v1_alt	263054	1001	6
chr15_KI270848v1_alt	327382	1235	14
chr15_GL383554v1_alt	296527	660	12
chr15_KI270849v1_alt	244917	1537	17
chr15_GL383555v2_alt	388773	1587	26
chr15_KI270850v1_alt	430880	4492	19
chr16_KI270854v1_alt	134193	1297	9
chr16_KI270856v1_alt	63982	178	4
chr16_KI270855v1_alt	232857	2690	52
chr16_KI270853v1_alt	2659700	22356	168
chr16_GL383556v1_alt	192462	464	5
chr16_GL383557v1_alt	89672	959	6
chr17_GL383563v3_alt	375691	1533	15
chr17_KI270862v1_alt	391357	4397	20
chr17_KI270861v1_alt	196688	2757	26
chr17_KI270857v1_alt	2877074	14184	288
chr17_JH159146v1_alt	278131	1195	19
chr17_JH159147v1_alt	70345	245	4
chr17_GL383564v2_alt	133151	428	5
chr17_GL000258v2_alt	1821992	6607	78
chr17_GL383565v1_alt	223995	1088	18
chr17_KI270858v1_alt	235827	974	17
chr17_KI270859v1_alt	108763	1098	2
chr17_GL383566v1_alt	90219	502	8
chr17_KI270860v1_alt	178921	1785	15
chr18_KI270864v1_alt	111737	279	1
chr18_GL383567v1_alt	289831	843	24
chr18_GL383570v1_alt	164789	465	5
chr18_GL383571v1_alt	198278	400	6
chr18_GL383568v1_alt	104552	406	8
chr18_GL383569v1_alt	167950	311	10
chr18_GL383572v1_alt	159547	334	5
chr18_KI270863v1_alt	167999	518	9
chr19_KI270868v1_alt	61734	458	4
chr19_KI270865v1_alt	52969	498	9
chr19_GL383573v1_alt	385657	1553	9
chr19_GL383575v2_alt	170222	877	8
chr19_GL383576v1_alt	188024	526	5
chr19_GL383574v1_alt	155864	2325	4
chr19_KI270866v1_alt	43156	4903	15
chr19_KI270867v1_alt	233762	1016	9
chr19_GL949746v1_alt	987716	2478	29
chr20_GL383577v2_alt	128386	458	8
chr20_KI270869v1_alt	118774	938	11
chr20_KI270871v1_alt	58661	519	6
chr20_KI270870v1_alt	183433	1601	12
chr21_GL383578v2_alt	63917	245	5
chr21_KI270874v1_alt	166743	413	5
chr21_KI270873v1_alt	143900	469	6
chr21_GL383579v2_alt	201197	470	5
chr21_GL383580v2_alt	74653	1099	13
chr21_GL383581v2_alt	116689	752	5
chr21_KI270872v1_alt	82692	1138	4
chr22_KI270875v1_alt	259914	844	9
chr22_KI270878v1_alt	186262	787	17
chr22_KI270879v1_alt	304135	2847	15
chr22_KI270876v1_alt	263666	1823	16
chr22_KI270877v1_alt	101331	343	8
chr22_GL383583v2_alt	96924	317	11
chr22_GL383582v2_alt	162811	742	5
chrX_KI270880v1_alt	284869	711	9
chrX_KI270881v1_alt	144206	309	5
chr19_KI270882v1_alt	248807	72	0
chr19_KI270883v1_alt	170399	44	0
chr19_KI270884v1_alt	157053	54	2
chr19_KI270885v1_alt	171027	55	0
chr19_KI270886v1_alt	204239	47	1
chr19_KI270887v1_alt	209512	65	2
chr19_KI270888v1_alt	155532	44	2
chr19_KI270889v1_alt	170698	56	1
chr19_KI270890v1_alt	184499	54	1
chr19_KI270891v1_alt	170680	49	1
chr1_KI270892v1_alt	162212	243	3
chr2_KI270894v1_alt	214158	871	4
chr2_KI270893v1_alt	161218	485	10
chr3_KI270895v1_alt	162896	1052	4
chr4_KI270896v1_alt	378547	729	21
chr5_KI270897v1_alt	1144418	9949	42
chr5_KI270898v1_alt	130957	648	2
chr6_GL000251v2_alt	4795265	17476	162
chr7_KI270899v1_alt	190869	1026	14
chr8_KI270901v1_alt	136959	413	9
chr8_KI270900v1_alt	318687	761	16
chr11_KI270902v1_alt	106711	394	5
chr11_KI270903v1_alt	214625	781	11
chr12_KI270904v1_alt	572349	2764	18
chr15_KI270906v1_alt	196384	319	13
chr15_KI270905v1_alt	5161414	19583	346
chr17_KI270907v1_alt	137721	423	3
chr17_KI270910v1_alt	157099	936	11
chr17_KI270909v1_alt	325800	647	9
chr17_JH159148v1_alt	88070	164	3
chr17_KI270908v1_alt	1423190	7034	60
chr18_KI270912v1_alt	174061	355	12
chr18_KI270911v1_alt	157710	395	10
chr19_GL949747v2_alt	729520	1095	12
chr22_KB663609v1_alt	74013	337	1
chrX_KI270913v1_alt	274009	623	8
chr19_KI270914v1_alt	205194	66	0
chr19_KI270915v1_alt	170665	44	1
chr19_KI270916v1_alt	184516	47	0
chr19_KI270917v1_alt	190932	60	0
chr19_KI270918v1_alt	123111	41	0
chr19_KI270919v1_alt	170701	53	1
chr19_KI270920v1_alt	198005	75	1
chr19_KI270921v1_alt	282224	83	1
chr19_KI270922v1_alt	187935	79	2
chr19_KI270923v1_alt	189352	61	0
chr3_KI270924v1_alt	166540	877	3
chr4_KI270925v1_alt	555799	946	26
chr6_GL000252v2_alt	4604811	14079	126
chr8_KI270926v1_alt	229282	771	12
chr11_KI270927v1_alt	218612	800	12
chr19_GL949748v2_alt	1064304	821	14
chr22_KI270928v1_alt	176103	782	5
chr19_KI270929v1_alt	186203	60	2
chr19_KI270930v1_alt	200773	89	2
chr19_KI270931v1_alt	170148	58	2
chr19_KI270932v1_alt	215732	68	2
chr19_KI270933v1_alt	170537	105	3
chr19_GL000209v2_alt	177381	45	1
chr3_KI270934v1_alt	163458	925	3
chr6_GL000253v2_alt	4677643	18079	137
chr19_GL949749v2_alt	1091841	807	16
chr3_KI270935v1_alt	197351	944	6
chr6_GL000254v2_alt	4827813	12628	125
chr19_GL949750v2_alt	1066390	828	12
chr3_KI270936v1_alt	164170	1004	1
chr6_GL000255v2_alt	4606388	16648	128
chr19_GL949751v2_alt	1002683	863	8
chr3_KI270937v1_alt	165607	1033	4
chr6_GL000256v2_alt	4929269	14526	158
chr19_GL949752v1_alt	987100	2585	39
chr6_KI270758v1_alt	76752	85	1
chr19_GL949753v2_alt	796479	1180	28
chr19_KI270938v1_alt	1066800	2688	39
chrM	16569	941066	2362
chrUn_KI270302v1	2274	10	0
chrUn_KI270304v1	2165	4	0
chrUn_KI270303v1	1942	11	0
chrUn_KI270305v1	1472	7	0
chrUn_KI270322v1	21476	35	0
chrUn_KI270320v1	4416	16	0
chrUn_KI270310v1	1201	12	0
chrUn_KI270316v1	1444	2	0
chrUn_KI270315v1	2276	8	0
chrUn_KI270312v1	998	0	0
chrUn_KI270311v1	12399	16	0
chrUn_KI270317v1	37690	7	0
chrUn_KI270412v1	1179	0	0
chrUn_KI270411v1	2646	6	0
chrUn_KI270414v1	2489	2	0
chrUn_KI270419v1	1029	9	0
chrUn_KI270418v1	2145	2	0
chrUn_KI270420v1	2321	17	0
chrUn_KI270424v1	2140	0	0
chrUn_KI270417v1	2043	0	0
chrUn_KI270422v1	1445	1	0
chrUn_KI270423v1	981	3	0
chrUn_KI270425v1	1884	2	0
chrUn_KI270429v1	1361	2	0
chrUn_KI270442v1	392061	15646	76
chrUn_KI270466v1	1233	939	0
chrUn_KI270465v1	1774	5	0
chrUn_KI270467v1	3920	2751	0
chrUn_KI270435v1	92983	628	2
chrUn_KI270438v1	112505	6698	8
chrUn_KI270468v1	4055	15	0
chrUn_KI270510v1	2415	8	0
chrUn_KI270509v1	2318	20	1
chrUn_KI270518v1	2186	16	0
chrUn_KI270508v1	1951	23	0
chrUn_KI270516v1	1300	4	0
chrUn_KI270512v1	22689	235	0
chrUn_KI270519v1	138126	711	3
chrUn_KI270522v1	5674	12	0
chrUn_KI270511v1	8127	47	2
chrUn_KI270515v1	6361	43	0
chrUn_KI270507v1	5353	36	0
chrUn_KI270517v1	3253	34	0
chrUn_KI270529v1	1899	4	0
chrUn_KI270528v1	2983	0	0
chrUn_KI270530v1	2168	12	0
chrUn_KI270539v1	993	0	0
chrUn_KI270538v1	91309	528	4
chrUn_KI270544v1	1202	19	0
chrUn_KI270548v1	1599	2	0
chrUn_KI270583v1	1400	23	0
chrUn_KI270587v1	2969	10	0
chrUn_KI270580v1	1553	22	0
chrUn_KI270581v1	7046	23	0
chrUn_KI270579v1	31033	64	0
chrUn_KI270589v1	44474	469	2
chrUn_KI270590v1	4685	48	0
chrUn_KI270584v1	4513	54	0
chrUn_KI270582v1	6504	12	0
chrUn_KI270588v1	6158	45	0
chrUn_KI270593v1	3041	10	0
chrUn_KI270591v1	5796	143	0
chrUn_KI270330v1	1652	703	1
chrUn_KI270329v1	1040	2	0
chrUn_KI270334v1	1368	19	0
chrUn_KI270333v1	2699	142	0
chrUn_KI270335v1	1048	3	0
chrUn_KI270338v1	1428	5	0
chrUn_KI270340v1	1428	15	0
chrUn_KI270336v1	1026	25	0
chrUn_KI270337v1	1121	69	0
chrUn_KI270363v1	1803	18	0
chrUn_KI270364v1	2855	3	0
chrUn_KI270362v1	3530	11	1
chrUn_KI270366v1	8320	24	0
chrUn_KI270378v1	1048	12	0
chrUn_KI270379v1	1045	4	0
chrUn_KI270389v1	1298	2	0
chrUn_KI270390v1	2387	2	0
chrUn_KI270387v1	1537	2	0
chrUn_KI270395v1	1143	18	0
chrUn_KI270396v1	1880	4	0
chrUn_KI270388v1	1216	5	0
chrUn_KI270394v1	970	0	0
chrUn_KI270386v1	1788	4	0
chrUn_KI270391v1	1484	2	0
chrUn_KI270383v1	1750	0	0
chrUn_KI270393v1	1308	11	0
chrUn_KI270384v1	1658	0	0
chrUn_KI270392v1	971	0	0
chrUn_KI270381v1	1930	14	0
chrUn_KI270385v1	990	1	0
chrUn_KI270382v1	4215	4	0
chrUn_KI270376v1	1136	0	0
chrUn_KI270374v1	2656	7	0
chrUn_KI270372v1	1650	4	0
chrUn_KI270373v1	1451	0	0
chrUn_KI270375v1	2378	0	0
chrUn_KI270371v1	2805	1	0
chrUn_KI270448v1	7992	47	0
chrUn_KI270521v1	7642	36	0
chrUn_GL000195v1	182896	1448	14
chrUn_GL000219v1	179198	1768	12
chrUn_GL000220v1	161802	1435324	9550
chrUn_GL000224v1	179693	4272	13
chrUn_KI270741v1	157432	466	1
chrUn_GL000226v1	15008	190	0
chrUn_GL000213v1	164239	507	11
chrUn_KI270743v1	210658	1687	12
chrUn_KI270744v1	168472	5099	15
chrUn_KI270745v1	41891	447	2
chrUn_KI270746v1	66486	641	1
chrUn_KI270747v1	198735	418	1
chrUn_KI270748v1	93321	374	1
chrUn_KI270749v1	158759	766	2
chrUn_KI270750v1	148850	974	5
chrUn_KI270751v1	150742	2109	6
chrUn_KI270752v1	27745	16325	216
chrUn_KI270753v1	62944	357	5
chrUn_KI270754v1	40191	396	1
chrUn_KI270755v1	36723	42	1
chrUn_KI270756v1	79590	771	3
chrUn_KI270757v1	71251	664	0
chrUn_GL000214v1	137718	2833	6
chrUn_KI270742v1	186739	2417	2
chrUn_GL000216v2	176608	5956	15
chrUn_GL000218v1	161147	1813	9
chrX	156040895	1183601	14716
chrY	57227415	95391	1860
chrY_KI270740v1_random	37240	18	4
*	0	0	272388
