chr1	248956422	2394234	206616
chr10	133797422	2116251	256705
chr11	135086622	1618245	166095
chr11_KI270721v1_random	100316	513	132
chr12	133275309	1745881	171853
chr13	114364328	1823976	529953
chr14	107043718	906867	108605
chr14_GL000009v2_random	201709	1250	25
chr14_GL000225v1_random	211173	377	71
chr14_KI270722v1_random	194050	331	46
chr14_GL000194v1_random	191469	699	21
chr14_KI270723v1_random	38115	61	8
chr14_KI270724v1_random	39555	64	7
chr14_KI270725v1_random	172810	179	32
chr14_KI270726v1_random	43739	69	17
chr15	101991189	690095	120171
chr15_KI270727v1_random	448248	606	132
chr16	90338345	896154	90556
chr16_KI270728v1_random	1872759	2602	427
chr17	83257441	650716	88551
chr17_GL000205v2_random	185591	320	47
chr17_KI270729v1_random	280839	922	51
chr17_KI270730v1_random	112551	253	15
chr18	80373285	762006	113247
chr19	58617616	824944	151920
chr1_KI270706v1_random	175055	643	20
chr1_KI270707v1_random	32032	26	9
chr1_KI270708v1_random	127682	141	12
chr1_KI270709v1_random	66860	113	12
chr1_KI270710v1_random	40176	35	1
chr1_KI270711v1_random	42210	148	5
chr1_KI270712v1_random	176043	198	28
chr1_KI270713v1_random	40745	2366	16
chr1_KI270714v1_random	41717	80	41
chr2	242193529	2488495	266570
chr20	64444167	598592	95465
chr21	46709983	3722624	365398
chr22	50818468	644222	84664
chr22_KI270731v1_random	150754	100	18
chr22_KI270732v1_random	41543	90	4
chr22_KI270733v1_random	179772	1400318	134418
chr22_KI270734v1_random	165050	730	54
chr22_KI270735v1_random	42811	192	9
chr22_KI270736v1_random	181920	1003	44
chr22_KI270737v1_random	103838	188	6
chr22_KI270738v1_random	99375	143	20
chr22_KI270739v1_random	73985	33	9
chr2_KI270715v1_random	161471	7	0
chr2_KI270716v1_random	153799	21	5
chr3	198295559	2228745	210217
chr3_GL000221v1_random	155397	129	3
chr4	190214555	1902103	240076
chr4_GL000008v2_random	209709	348	14
chr5	181538259	2249047	211502
chr5_GL000208v1_random	92689	626	169
chr6	170805979	1600670	167558
chr7	159345973	1356441	212591
chr8	145138636	1296008	178981
chr9	138394717	1142955	107220
chr9_KI270717v1_random	40062	194	18
chr9_KI270718v1_random	38054	95	0
chr9_KI270719v1_random	176845	281	25
chr9_KI270720v1_random	39050	62	2
chr1_KI270762v1_alt	354444	2357	449
chr1_KI270766v1_alt	256271	236	28
chr1_KI270760v1_alt	109528	178	28
chr1_KI270765v1_alt	185285	1231	24
chr1_GL383518v1_alt	182439	940	29
chr1_GL383519v1_alt	110268	556	79
chr1_GL383520v2_alt	366580	847	103
chr1_KI270764v1_alt	50258	194	23
chr1_KI270763v1_alt	911658	2061	174
chr1_KI270759v1_alt	425601	1479	146
chr1_KI270761v1_alt	165834	1104	126
chr2_KI270770v1_alt	136240	316	57
chr2_KI270773v1_alt	70887	273	8
chr2_KI270774v1_alt	223625	677	72
chr2_KI270769v1_alt	120616	385	38
chr2_GL383521v1_alt	143390	419	35
chr2_KI270772v1_alt	133041	107	9
chr2_KI270775v1_alt	138019	309	36
chr2_KI270771v1_alt	110395	213	24
chr2_KI270768v1_alt	110099	131	8
chr2_GL582966v2_alt	96131	363	41
chr2_GL383522v1_alt	123821	282	65
chr2_KI270776v1_alt	174166	542	82
chr2_KI270767v1_alt	161578	424	34
chr3_JH636055v2_alt	173151	396	60
chr3_KI270783v1_alt	109187	155	13
chr3_KI270780v1_alt	224108	203	38
chr3_GL383526v1_alt	180671	1038	101
chr3_KI270777v1_alt	173649	801	128
chr3_KI270778v1_alt	248252	350	33
chr3_KI270781v1_alt	113034	143	15
chr3_KI270779v1_alt	205312	204	26
chr3_KI270782v1_alt	162429	359	34
chr3_KI270784v1_alt	184404	806	19
chr4_KI270790v1_alt	220246	360	37
chr4_GL383528v1_alt	376187	786	40
chr4_KI270787v1_alt	111943	311	49
chr4_GL000257v2_alt	586476	2477	392
chr4_KI270788v1_alt	158965	429	49
chr4_GL383527v1_alt	164536	399	30
chr4_KI270785v1_alt	119912	171	20
chr4_KI270789v1_alt	205944	380	44
chr4_KI270786v1_alt	244096	465	64
chr5_KI270793v1_alt	126136	330	49
chr5_KI270792v1_alt	179043	638	150
chr5_KI270791v1_alt	195710	1093	173
chr5_GL383532v1_alt	82728	183	38
chr5_GL949742v1_alt	226852	376	56
chr5_KI270794v1_alt	164558	233	22
chr5_GL339449v2_alt	1612928	10824	1147
chr5_GL383530v1_alt	101241	147	17
chr5_KI270796v1_alt	172708	588	101
chr5_GL383531v1_alt	173459	943	59
chr5_KI270795v1_alt	131892	183	17
chr6_GL000250v2_alt	4672374	2878	281
chr6_KI270800v1_alt	175808	1051	202
chr6_KI270799v1_alt	152148	202	17
chr6_GL383533v1_alt	124736	283	25
chr6_KI270801v1_alt	870480	2775	257
chr6_KI270802v1_alt	75005	126	13
chr6_KB021644v2_alt	185823	333	51
chr6_KI270797v1_alt	197536	372	66
chr6_KI270798v1_alt	271782	1153	200
chr7_KI270804v1_alt	157952	149	32
chr7_KI270809v1_alt	209586	572	22
chr7_KI270806v1_alt	158166	213	19
chr7_GL383534v2_alt	119183	662	34
chr7_KI270803v1_alt	1111570	3526	302
chr7_KI270808v1_alt	271455	448	72
chr7_KI270807v1_alt	126434	202	31
chr7_KI270805v1_alt	209988	419	49
chr8_KI270818v1_alt	145606	222	38
chr8_KI270812v1_alt	282736	566	61
chr8_KI270811v1_alt	292436	2549	79
chr8_KI270821v1_alt	985506	12444	738
chr8_KI270813v1_alt	300230	301	50
chr8_KI270822v1_alt	624492	1399	193
chr8_KI270814v1_alt	141812	756	137
chr8_KI270810v1_alt	374415	537	80
chr8_KI270819v1_alt	133535	603	69
chr8_KI270820v1_alt	36640	87	8
chr8_KI270817v1_alt	158983	689	101
chr8_KI270816v1_alt	305841	1449	216
chr8_KI270815v1_alt	132244	1004	105
chr9_GL383539v1_alt	162988	351	48
chr9_GL383540v1_alt	71551	142	17
chr9_GL383541v1_alt	171286	305	30
chr9_GL383542v1_alt	60032	86	7
chr9_KI270823v1_alt	439082	1029	132
chr10_GL383545v1_alt	179254	396	44
chr10_KI270824v1_alt	181496	278	34
chr10_GL383546v1_alt	309802	382	57
chr10_KI270825v1_alt	188315	823	98
chr11_KI270832v1_alt	210133	545	86
chr11_KI270830v1_alt	177092	278	48
chr11_KI270831v1_alt	296895	922	130
chr11_KI270829v1_alt	204059	527	37
chr11_GL383547v1_alt	154407	236	27
chr11_JH159136v1_alt	200998	348	52
chr11_JH159137v1_alt	191409	321	46
chr11_KI270827v1_alt	67707	265	74
chr11_KI270826v1_alt	186169	442	61
chr12_GL877875v1_alt	167313	705	80
chr12_GL877876v1_alt	408271	1058	61
chr12_KI270837v1_alt	40090	71	3
chr12_GL383549v1_alt	120804	195	20
chr12_KI270835v1_alt	238139	804	101
chr12_GL383550v2_alt	169178	247	32
chr12_GL383552v1_alt	138655	555	68
chr12_GL383553v2_alt	152874	404	69
chr12_KI270834v1_alt	119498	272	26
chr12_GL383551v1_alt	184319	341	43
chr12_KI270833v1_alt	76061	153	14
chr12_KI270836v1_alt	56134	95	6
chr13_KI270840v1_alt	191684	321	42
chr13_KI270839v1_alt	180306	385	36
chr13_KI270843v1_alt	103832	145	15
chr13_KI270841v1_alt	169134	308	41
chr13_KI270838v1_alt	306913	705	95
chr13_KI270842v1_alt	37287	50	9
chr14_KI270844v1_alt	322166	1569	81
chr14_KI270847v1_alt	1511111	8259	1673
chr14_KI270845v1_alt	180703	317	78
chr14_KI270846v1_alt	1351393	25699	749
chr15_KI270852v1_alt	478999	599	123
chr15_KI270851v1_alt	263054	317	14
chr15_KI270848v1_alt	327382	553	37
chr15_GL383554v1_alt	296527	199	37
chr15_KI270849v1_alt	244917	399	86
chr15_GL383555v2_alt	388773	965	154
chr15_KI270850v1_alt	430880	2296	389
chr16_KI270854v1_alt	134193	295	24
chr16_KI270856v1_alt	63982	123	32
chr16_KI270855v1_alt	232857	603	72
chr16_KI270853v1_alt	2659700	8541	1448
chr16_GL383556v1_alt	192462	308	46
chr16_GL383557v1_alt	89672	165	30
chr17_GL383563v3_alt	375691	1371	136
chr17_KI270862v1_alt	391357	1124	126
chr17_KI270861v1_alt	196688	892	119
chr17_KI270857v1_alt	2877074	7668	883
chr17_JH159146v1_alt	278131	434	56
chr17_JH159147v1_alt	70345	362	40
chr17_GL383564v2_alt	133151	208	34
chr17_GL000258v2_alt	1821992	3993	527
chr17_GL383565v1_alt	223995	4984	478
chr17_KI270858v1_alt	235827	550	74
chr17_KI270859v1_alt	108763	816	20
chr17_GL383566v1_alt	90219	216	30
chr17_KI270860v1_alt	178921	379	41
chr18_KI270864v1_alt	111737	272	31
chr18_GL383567v1_alt	289831	3805	740
chr18_GL383570v1_alt	164789	261	26
chr18_GL383571v1_alt	198278	414	38
chr18_GL383568v1_alt	104552	197	57
chr18_GL383569v1_alt	167950	164	28
chr18_GL383572v1_alt	159547	152	30
chr18_KI270863v1_alt	167999	380	82
chr19_KI270868v1_alt	61734	141	36
chr19_KI270865v1_alt	52969	173	16
chr19_GL383573v1_alt	385657	572	55
chr19_GL383575v2_alt	170222	276	21
chr19_GL383576v1_alt	188024	258	38
chr19_GL383574v1_alt	155864	475	29
chr19_KI270866v1_alt	43156	1025	18
chr19_KI270867v1_alt	233762	826	192
chr19_GL949746v1_alt	987716	816	86
chr20_GL383577v2_alt	128386	1593	35
chr20_KI270869v1_alt	118774	194	24
chr20_KI270871v1_alt	58661	238	25
chr20_KI270870v1_alt	183433	625	47
chr21_GL383578v2_alt	63917	196	29
chr21_KI270874v1_alt	166743	214	36
chr21_KI270873v1_alt	143900	221	47
chr21_GL383579v2_alt	201197	424	57
chr21_GL383580v2_alt	74653	346	19
chr21_GL383581v2_alt	116689	252	14
chr21_KI270872v1_alt	82692	174	26
chr22_KI270875v1_alt	259914	521	98
chr22_KI270878v1_alt	186262	306	43
chr22_KI270879v1_alt	304135	1011	89
chr22_KI270876v1_alt	263666	804	35
chr22_KI270877v1_alt	101331	204	36
chr22_GL383583v2_alt	96924	327	81
chr22_GL383582v2_alt	162811	217	21
chrX_KI270880v1_alt	284869	500	211
chrX_KI270881v1_alt	144206	199	24
chr19_KI270882v1_alt	248807	28	8
chr19_KI270883v1_alt	170399	26	8
chr19_KI270884v1_alt	157053	22	3
chr19_KI270885v1_alt	171027	31	6
chr19_KI270886v1_alt	204239	19	5
chr19_KI270887v1_alt	209512	44	10
chr19_KI270888v1_alt	155532	12	2
chr19_KI270889v1_alt	170698	24	9
chr19_KI270890v1_alt	184499	20	5
chr19_KI270891v1_alt	170680	12	1
chr1_KI270892v1_alt	162212	1106	120
chr2_KI270894v1_alt	214158	237	23
chr2_KI270893v1_alt	161218	417	37
chr3_KI270895v1_alt	162896	234	15
chr4_KI270896v1_alt	378547	713	87
chr5_KI270897v1_alt	1144418	7099	527
chr5_KI270898v1_alt	130957	129	15
chr6_GL000251v2_alt	4795265	11098	932
chr7_KI270899v1_alt	190869	390	40
chr8_KI270901v1_alt	136959	512	167
chr8_KI270900v1_alt	318687	2519	82
chr11_KI270902v1_alt	106711	174	29
chr11_KI270903v1_alt	214625	374	116
chr12_KI270904v1_alt	572349	2124	106
chr15_KI270906v1_alt	196384	656	68
chr15_KI270905v1_alt	5161414	25895	8934
chr17_KI270907v1_alt	137721	694	76
chr17_KI270910v1_alt	157099	209	26
chr17_KI270909v1_alt	325800	292	36
chr17_JH159148v1_alt	88070	264	40
chr17_KI270908v1_alt	1423190	3323	373
chr18_KI270912v1_alt	174061	185	23
chr18_KI270911v1_alt	157710	160	31
chr19_GL949747v2_alt	729520	327	39
chr22_KB663609v1_alt	74013	121	4
chrX_KI270913v1_alt	274009	523	187
chr19_KI270914v1_alt	205194	34	10
chr19_KI270915v1_alt	170665	18	6
chr19_KI270916v1_alt	184516	24	6
chr19_KI270917v1_alt	190932	23	6
chr19_KI270918v1_alt	123111	16	4
chr19_KI270919v1_alt	170701	20	4
chr19_KI270920v1_alt	198005	32	7
chr19_KI270921v1_alt	282224	27	8
chr19_KI270922v1_alt	187935	33	9
chr19_KI270923v1_alt	189352	33	10
chr3_KI270924v1_alt	166540	205	17
chr4_KI270925v1_alt	555799	1286	148
chr6_GL000252v2_alt	4604811	9897	980
chr8_KI270926v1_alt	229282	240	41
chr11_KI270927v1_alt	218612	374	78
chr19_GL949748v2_alt	1064304	194	22
chr22_KI270928v1_alt	176103	261	21
chr19_KI270929v1_alt	186203	31	9
chr19_KI270930v1_alt	200773	33	9
chr19_KI270931v1_alt	170148	21	5
chr19_KI270932v1_alt	215732	41	1
chr19_KI270933v1_alt	170537	30	6
chr19_GL000209v2_alt	177381	22	7
chr3_KI270934v1_alt	163458	165	12
chr6_GL000253v2_alt	4677643	9572	746
chr19_GL949749v2_alt	1091841	219	23
chr3_KI270935v1_alt	197351	215	17
chr6_GL000254v2_alt	4827813	9776	893
chr19_GL949750v2_alt	1066390	225	31
chr3_KI270936v1_alt	164170	187	12
chr6_GL000255v2_alt	4606388	5421	627
chr19_GL949751v2_alt	1002683	222	13
chr3_KI270937v1_alt	165607	197	12
chr6_GL000256v2_alt	4929269	8783	649
chr19_GL949752v1_alt	987100	948	134
chr6_KI270758v1_alt	76752	77	8
chr19_GL949753v2_alt	796479	428	53
chr19_KI270938v1_alt	1066800	935	143
chrM	16569	140201	261
chrUn_KI270302v1	2274	2	0
chrUn_KI270304v1	2165	0	0
chrUn_KI270303v1	1942	0	0
chrUn_KI270305v1	1472	2	2
chrUn_KI270322v1	21476	4	0
chrUn_KI270320v1	4416	0	0
chrUn_KI270310v1	1201	0	0
chrUn_KI270316v1	1444	0	0
chrUn_KI270315v1	2276	0	0
chrUn_KI270312v1	998	1	0
chrUn_KI270311v1	12399	3	0
chrUn_KI270317v1	37690	0	0
chrUn_KI270412v1	1179	0	0
chrUn_KI270411v1	2646	0	0
chrUn_KI270414v1	2489	10	0
chrUn_KI270419v1	1029	1	0
chrUn_KI270418v1	2145	0	0
chrUn_KI270420v1	2321	0	0
chrUn_KI270424v1	2140	0	0
chrUn_KI270417v1	2043	0	0
chrUn_KI270422v1	1445	0	0
chrUn_KI270423v1	981	0	0
chrUn_KI270425v1	1884	3	0
chrUn_KI270429v1	1361	0	0
chrUn_KI270442v1	392061	36591	4854
chrUn_KI270466v1	1233	348	1
chrUn_KI270465v1	1774	1	0
chrUn_KI270467v1	3920	663	0
chrUn_KI270435v1	92983	90	6
chrUn_KI270438v1	112505	717	7
chrUn_KI270468v1	4055	16	4
chrUn_KI270510v1	2415	8	1
chrUn_KI270509v1	2318	15	0
chrUn_KI270518v1	2186	0	0
chrUn_KI270508v1	1951	0	0
chrUn_KI270516v1	1300	0	0
chrUn_KI270512v1	22689	49	2
chrUn_KI270519v1	138126	109	3
chrUn_KI270522v1	5674	0	0
chrUn_KI270511v1	8127	5	0
chrUn_KI270515v1	6361	7	1
chrUn_KI270507v1	5353	0	0
chrUn_KI270517v1	3253	0	0
chrUn_KI270529v1	1899	0	0
chrUn_KI270528v1	2983	3	0
chrUn_KI270530v1	2168	0	0
chrUn_KI270539v1	993	0	0
chrUn_KI270538v1	91309	48	13
chrUn_KI270544v1	1202	0	0
chrUn_KI270548v1	1599	0	0
chrUn_KI270583v1	1400	0	0
chrUn_KI270587v1	2969	0	0
chrUn_KI270580v1	1553	0	0
chrUn_KI270581v1	7046	0	0
chrUn_KI270579v1	31033	12	3
chrUn_KI270589v1	44474	56	0
chrUn_KI270590v1	4685	11	2
chrUn_KI270584v1	4513	13	0
chrUn_KI270582v1	6504	2	1
chrUn_KI270588v1	6158	194	2
chrUn_KI270593v1	3041	2	0
chrUn_KI270591v1	5796	2	0
chrUn_KI270330v1	1652	76	0
chrUn_KI270329v1	1040	0	0
chrUn_KI270334v1	1368	0	0
chrUn_KI270333v1	2699	12	0
chrUn_KI270335v1	1048	0	0
chrUn_KI270338v1	1428	2	0
chrUn_KI270340v1	1428	0	0
chrUn_KI270336v1	1026	9	0
chrUn_KI270337v1	1121	16	0
chrUn_KI270363v1	1803	1	0
chrUn_KI270364v1	2855	0	0
chrUn_KI270362v1	3530	3	0
chrUn_KI270366v1	8320	0	0
chrUn_KI270378v1	1048	0	0
chrUn_KI270379v1	1045	0	0
chrUn_KI270389v1	1298	0	0
chrUn_KI270390v1	2387	0	0
chrUn_KI270387v1	1537	0	0
chrUn_KI270395v1	1143	0	0
chrUn_KI270396v1	1880	1	0
chrUn_KI270388v1	1216	1	0
chrUn_KI270394v1	970	0	0
chrUn_KI270386v1	1788	0	0
chrUn_KI270391v1	1484	0	0
chrUn_KI270383v1	1750	2	0
chrUn_KI270393v1	1308	0	0
chrUn_KI270384v1	1658	0	0
chrUn_KI270392v1	971	1	1
chrUn_KI270381v1	1930	0	0
chrUn_KI270385v1	990	0	0
chrUn_KI270382v1	4215	2	0
chrUn_KI270376v1	1136	0	0
chrUn_KI270374v1	2656	1	0
chrUn_KI270372v1	1650	2	0
chrUn_KI270373v1	1451	3	0
chrUn_KI270375v1	2378	0	0
chrUn_KI270371v1	2805	0	0
chrUn_KI270448v1	7992	3	0
chrUn_KI270521v1	7642	0	0
chrUn_GL000195v1	182896	259	15
chrUn_GL000219v1	179198	300	35
chrUn_GL000220v1	161802	1342097	132192
chrUn_GL000224v1	179693	231	39
chrUn_KI270741v1	157432	236	57
chrUn_GL000226v1	15008	0	0
chrUn_GL000213v1	164239	177	42
chrUn_KI270743v1	210658	224	32
chrUn_KI270744v1	168472	460	33
chrUn_KI270745v1	41891	60	0
chrUn_KI270746v1	66486	507	9
chrUn_KI270747v1	198735	103	23
chrUn_KI270748v1	93321	111	16
chrUn_KI270749v1	158759	185	25
chrUn_KI270750v1	148850	337	23
chrUn_KI270751v1	150742	269	20
chrUn_KI270752v1	27745	1886	33
chrUn_KI270753v1	62944	64	13
chrUn_KI270754v1	40191	17	4
chrUn_KI270755v1	36723	20	2
chrUn_KI270756v1	79590	123	11
chrUn_KI270757v1	71251	93	17
chrUn_GL000214v1	137718	303	23
chrUn_KI270742v1	186739	216	15
chrUn_GL000216v2	176608	559	40
chrUn_GL000218v1	161147	456	44
chrX	156040895	1204106	135080
chrY	57227415	218486	18652
chrY_KI270740v1_random	37240	13	1
*	0	0	8088966
