chr1	248956422	2690340	289548
chr10	133797422	2740334	361232
chr11	135086622	1899428	226094
chr11_KI270721v1_random	100316	683	198
chr12	133275309	2127966	232081
chr13	114364328	2114010	562489
chr14	107043718	935923	145404
chr14_GL000009v2_random	201709	587	22
chr14_GL000225v1_random	211173	638	123
chr14_KI270722v1_random	194050	356	61
chr14_GL000194v1_random	191469	489	28
chr14_KI270723v1_random	38115	130	15
chr14_KI270724v1_random	39555	127	19
chr14_KI270725v1_random	172810	206	37
chr14_KI270726v1_random	43739	59	8
chr15	101991189	828226	162955
chr15_KI270727v1_random	448248	763	171
chr16	90338345	1059213	122540
chr16_KI270728v1_random	1872759	3349	719
chr17	83257441	705511	130484
chr17_GL000205v2_random	185591	370	61
chr17_KI270729v1_random	280839	826	99
chr17_KI270730v1_random	112551	341	21
chr18	80373285	941993	156971
chr19	58617616	965273	206720
chr1_KI270706v1_random	175055	355	40
chr1_KI270707v1_random	32032	14	1
chr1_KI270708v1_random	127682	184	17
chr1_KI270709v1_random	66860	88	3
chr1_KI270710v1_random	40176	33	1
chr1_KI270711v1_random	42210	161	14
chr1_KI270712v1_random	176043	223	37
chr1_KI270713v1_random	40745	1032	16
chr1_KI270714v1_random	41717	120	63
chr2	242193529	2958462	371733
chr20	64444167	680986	124405
chr21	46709983	4438133	503993
chr22	50818468	811904	119142
chr22_KI270731v1_random	150754	125	31
chr22_KI270732v1_random	41543	65	2
chr22_KI270733v1_random	179772	1602505	181037
chr22_KI270734v1_random	165050	832	142
chr22_KI270735v1_random	42811	121	15
chr22_KI270736v1_random	181920	913	86
chr22_KI270737v1_random	103838	90	12
chr22_KI270738v1_random	99375	128	10
chr22_KI270739v1_random	73985	25	3
chr2_KI270715v1_random	161471	58	4
chr2_KI270716v1_random	153799	36	6
chr3	198295559	2728383	299713
chr3_GL000221v1_random	155397	163	26
chr4	190214555	2297930	332860
chr4_GL000008v2_random	209709	279	28
chr5	181538259	2747282	292692
chr5_GL000208v1_random	92689	960	269
chr6	170805979	1872671	228131
chr7	159345973	1590641	291257
chr8	145138636	1578578	261284
chr9	138394717	1387588	151012
chr9_KI270717v1_random	40062	212	22
chr9_KI270718v1_random	38054	53	7
chr9_KI270719v1_random	176845	342	40
chr9_KI270720v1_random	39050	58	11
chr1_KI270762v1_alt	354444	3434	611
chr1_KI270766v1_alt	256271	308	50
chr1_KI270760v1_alt	109528	245	44
chr1_KI270765v1_alt	185285	666	38
chr1_GL383518v1_alt	182439	430	33
chr1_GL383519v1_alt	110268	533	94
chr1_GL383520v2_alt	366580	797	121
chr1_KI270764v1_alt	50258	86	7
chr1_KI270763v1_alt	911658	2211	275
chr1_KI270759v1_alt	425601	1465	257
chr1_KI270761v1_alt	165834	1545	227
chr2_KI270770v1_alt	136240	430	73
chr2_KI270773v1_alt	70887	198	28
chr2_KI270774v1_alt	223625	856	164
chr2_KI270769v1_alt	120616	410	78
chr2_GL383521v1_alt	143390	428	42
chr2_KI270772v1_alt	133041	115	25
chr2_KI270775v1_alt	138019	793	85
chr2_KI270771v1_alt	110395	325	71
chr2_KI270768v1_alt	110099	142	10
chr2_GL582966v2_alt	96131	309	58
chr2_GL383522v1_alt	123821	261	67
chr2_KI270776v1_alt	174166	512	105
chr2_KI270767v1_alt	161578	277	27
chr3_JH636055v2_alt	173151	452	102
chr3_KI270783v1_alt	109187	148	27
chr3_KI270780v1_alt	224108	195	53
chr3_GL383526v1_alt	180671	1121	125
chr3_KI270777v1_alt	173649	687	155
chr3_KI270778v1_alt	248252	447	64
chr3_KI270781v1_alt	113034	147	37
chr3_KI270779v1_alt	205312	223	23
chr3_KI270782v1_alt	162429	343	62
chr3_KI270784v1_alt	184404	965	29
chr4_KI270790v1_alt	220246	447	89
chr4_GL383528v1_alt	376187	890	95
chr4_KI270787v1_alt	111943	350	32
chr4_GL000257v2_alt	586476	2327	461
chr4_KI270788v1_alt	158965	507	78
chr4_GL383527v1_alt	164536	514	66
chr4_KI270785v1_alt	119912	241	38
chr4_KI270789v1_alt	205944	788	117
chr4_KI270786v1_alt	244096	579	70
chr5_KI270793v1_alt	126136	335	81
chr5_KI270792v1_alt	179043	745	192
chr5_KI270791v1_alt	195710	1608	212
chr5_GL383532v1_alt	82728	211	38
chr5_GL949742v1_alt	226852	597	70
chr5_KI270794v1_alt	164558	424	49
chr5_GL339449v2_alt	1612928	8661	1267
chr5_GL383530v1_alt	101241	189	37
chr5_KI270796v1_alt	172708	677	103
chr5_GL383531v1_alt	173459	561	85
chr5_KI270795v1_alt	131892	137	26
chr6_GL000250v2_alt	4672374	3121	406
chr6_KI270800v1_alt	175808	2137	496
chr6_KI270799v1_alt	152148	252	18
chr6_GL383533v1_alt	124736	298	35
chr6_KI270801v1_alt	870480	2929	333
chr6_KI270802v1_alt	75005	139	38
chr6_KB021644v2_alt	185823	449	81
chr6_KI270797v1_alt	197536	545	143
chr6_KI270798v1_alt	271782	1158	273
chr7_KI270804v1_alt	157952	260	71
chr7_KI270809v1_alt	209586	387	42
chr7_KI270806v1_alt	158166	229	26
chr7_GL383534v2_alt	119183	635	71
chr7_KI270803v1_alt	1111570	3113	465
chr7_KI270808v1_alt	271455	601	101
chr7_KI270807v1_alt	126434	356	54
chr7_KI270805v1_alt	209988	515	65
chr8_KI270818v1_alt	145606	327	70
chr8_KI270812v1_alt	282736	724	123
chr8_KI270811v1_alt	292436	3370	152
chr8_KI270821v1_alt	985506	17218	1312
chr8_KI270813v1_alt	300230	386	53
chr8_KI270822v1_alt	624492	2752	373
chr8_KI270814v1_alt	141812	823	175
chr8_KI270810v1_alt	374415	788	130
chr8_KI270819v1_alt	133535	546	80
chr8_KI270820v1_alt	36640	105	37
chr8_KI270817v1_alt	158983	974	176
chr8_KI270816v1_alt	305841	1133	303
chr8_KI270815v1_alt	132244	828	128
chr9_GL383539v1_alt	162988	309	52
chr9_GL383540v1_alt	71551	182	31
chr9_GL383541v1_alt	171286	477	85
chr9_GL383542v1_alt	60032	127	22
chr9_KI270823v1_alt	439082	1371	177
chr10_GL383545v1_alt	179254	477	71
chr10_KI270824v1_alt	181496	289	51
chr10_GL383546v1_alt	309802	485	120
chr10_KI270825v1_alt	188315	931	89
chr11_KI270832v1_alt	210133	614	142
chr11_KI270830v1_alt	177092	346	76
chr11_KI270831v1_alt	296895	894	182
chr11_KI270829v1_alt	204059	385	42
chr11_GL383547v1_alt	154407	360	37
chr11_JH159136v1_alt	200998	467	57
chr11_JH159137v1_alt	191409	290	54
chr11_KI270827v1_alt	67707	329	100
chr11_KI270826v1_alt	186169	598	140
chr12_GL877875v1_alt	167313	911	130
chr12_GL877876v1_alt	408271	950	85
chr12_KI270837v1_alt	40090	44	7
chr12_GL383549v1_alt	120804	231	40
chr12_KI270835v1_alt	238139	829	143
chr12_GL383550v2_alt	169178	398	64
chr12_GL383552v1_alt	138655	639	59
chr12_GL383553v2_alt	152874	542	112
chr12_KI270834v1_alt	119498	265	75
chr12_GL383551v1_alt	184319	305	46
chr12_KI270833v1_alt	76061	201	21
chr12_KI270836v1_alt	56134	124	34
chr13_KI270840v1_alt	191684	413	66
chr13_KI270839v1_alt	180306	446	69
chr13_KI270843v1_alt	103832	192	31
chr13_KI270841v1_alt	169134	382	75
chr13_KI270838v1_alt	306913	943	188
chr13_KI270842v1_alt	37287	54	9
chr14_KI270844v1_alt	322166	1717	109
chr14_KI270847v1_alt	1511111	8319	1778
chr14_KI270845v1_alt	180703	365	87
chr14_KI270846v1_alt	1351393	14494	1187
chr15_KI270852v1_alt	478999	839	179
chr15_KI270851v1_alt	263054	288	44
chr15_KI270848v1_alt	327382	523	92
chr15_GL383554v1_alt	296527	180	42
chr15_KI270849v1_alt	244917	467	109
chr15_GL383555v2_alt	388773	1192	237
chr15_KI270850v1_alt	430880	1302	151
chr16_KI270854v1_alt	134193	244	41
chr16_KI270856v1_alt	63982	88	22
chr16_KI270855v1_alt	232857	404	88
chr16_KI270853v1_alt	2659700	9390	2268
chr16_GL383556v1_alt	192462	318	77
chr16_GL383557v1_alt	89672	170	15
chr17_GL383563v3_alt	375691	1584	247
chr17_KI270862v1_alt	391357	911	144
chr17_KI270861v1_alt	196688	661	89
chr17_KI270857v1_alt	2877074	7502	1192
chr17_JH159146v1_alt	278131	505	97
chr17_JH159147v1_alt	70345	477	56
chr17_GL383564v2_alt	133151	314	42
chr17_GL000258v2_alt	1821992	3778	593
chr17_GL383565v1_alt	223995	6641	797
chr17_KI270858v1_alt	235827	617	77
chr17_KI270859v1_alt	108763	399	31
chr17_GL383566v1_alt	90219	286	29
chr17_KI270860v1_alt	178921	424	64
chr18_KI270864v1_alt	111737	334	77
chr18_GL383567v1_alt	289831	5585	1025
chr18_GL383570v1_alt	164789	273	39
chr18_GL383571v1_alt	198278	423	42
chr18_GL383568v1_alt	104552	173	31
chr18_GL383569v1_alt	167950	222	49
chr18_GL383572v1_alt	159547	208	33
chr18_KI270863v1_alt	167999	571	106
chr19_KI270868v1_alt	61734	134	45
chr19_KI270865v1_alt	52969	137	36
chr19_GL383573v1_alt	385657	636	90
chr19_GL383575v2_alt	170222	321	47
chr19_GL383576v1_alt	188024	311	56
chr19_GL383574v1_alt	155864	350	31
chr19_KI270866v1_alt	43156	454	12
chr19_KI270867v1_alt	233762	878	257
chr19_GL949746v1_alt	987716	823	147
chr20_GL383577v2_alt	128386	278	38
chr20_KI270869v1_alt	118774	273	44
chr20_KI270871v1_alt	58661	176	47
chr20_KI270870v1_alt	183433	466	83
chr21_GL383578v2_alt	63917	227	37
chr21_KI270874v1_alt	166743	268	42
chr21_KI270873v1_alt	143900	255	49
chr21_GL383579v2_alt	201197	586	106
chr21_GL383580v2_alt	74653	346	27
chr21_GL383581v2_alt	116689	213	33
chr21_KI270872v1_alt	82692	202	44
chr22_KI270875v1_alt	259914	623	136
chr22_KI270878v1_alt	186262	398	100
chr22_KI270879v1_alt	304135	953	176
chr22_KI270876v1_alt	263666	647	61
chr22_KI270877v1_alt	101331	183	35
chr22_GL383583v2_alt	96924	1581	281
chr22_GL383582v2_alt	162811	237	65
chrX_KI270880v1_alt	284869	381	72
chrX_KI270881v1_alt	144206	280	39
chr19_KI270882v1_alt	248807	91	19
chr19_KI270883v1_alt	170399	72	13
chr19_KI270884v1_alt	157053	75	16
chr19_KI270885v1_alt	171027	83	20
chr19_KI270886v1_alt	204239	54	7
chr19_KI270887v1_alt	209512	112	25
chr19_KI270888v1_alt	155532	76	17
chr19_KI270889v1_alt	170698	73	14
chr19_KI270890v1_alt	184499	74	13
chr19_KI270891v1_alt	170680	86	16
chr1_KI270892v1_alt	162212	1575	190
chr2_KI270894v1_alt	214158	295	29
chr2_KI270893v1_alt	161218	267	33
chr3_KI270895v1_alt	162896	247	27
chr4_KI270896v1_alt	378547	744	129
chr5_KI270897v1_alt	1144418	5552	556
chr5_KI270898v1_alt	130957	164	25
chr6_GL000251v2_alt	4795265	12470	1375
chr7_KI270899v1_alt	190869	580	86
chr8_KI270901v1_alt	136959	712	344
chr8_KI270900v1_alt	318687	3359	137
chr11_KI270902v1_alt	106711	228	71
chr11_KI270903v1_alt	214625	381	84
chr12_KI270904v1_alt	572349	1574	109
chr15_KI270906v1_alt	196384	686	160
chr15_KI270905v1_alt	5161414	28531	11069
chr17_KI270907v1_alt	137721	786	113
chr17_KI270910v1_alt	157099	254	63
chr17_KI270909v1_alt	325800	328	50
chr17_JH159148v1_alt	88070	322	58
chr17_KI270908v1_alt	1423190	3810	492
chr18_KI270912v1_alt	174061	207	51
chr18_KI270911v1_alt	157710	200	43
chr19_GL949747v2_alt	729520	330	62
chr22_KB663609v1_alt	74013	82	17
chrX_KI270913v1_alt	274009	352	72
chr19_KI270914v1_alt	205194	82	13
chr19_KI270915v1_alt	170665	75	12
chr19_KI270916v1_alt	184516	61	4
chr19_KI270917v1_alt	190932	87	15
chr19_KI270918v1_alt	123111	13	2
chr19_KI270919v1_alt	170701	80	9
chr19_KI270920v1_alt	198005	91	29
chr19_KI270921v1_alt	282224	104	24
chr19_KI270922v1_alt	187935	86	17
chr19_KI270923v1_alt	189352	93	15
chr3_KI270924v1_alt	166540	229	29
chr4_KI270925v1_alt	555799	1594	191
chr6_GL000252v2_alt	4604811	11389	1295
chr8_KI270926v1_alt	229282	347	83
chr11_KI270927v1_alt	218612	488	109
chr19_GL949748v2_alt	1064304	202	34
chr22_KI270928v1_alt	176103	241	72
chr19_KI270929v1_alt	186203	76	10
chr19_KI270930v1_alt	200773	92	12
chr19_KI270931v1_alt	170148	55	9
chr19_KI270932v1_alt	215732	89	15
chr19_KI270933v1_alt	170537	88	13
chr19_GL000209v2_alt	177381	83	20
chr3_KI270934v1_alt	163458	221	17
chr6_GL000253v2_alt	4677643	11327	1156
chr19_GL949749v2_alt	1091841	159	28
chr3_KI270935v1_alt	197351	213	33
chr6_GL000254v2_alt	4827813	11295	1214
chr19_GL949750v2_alt	1066390	204	29
chr3_KI270936v1_alt	164170	205	24
chr6_GL000255v2_alt	4606388	5745	905
chr19_GL949751v2_alt	1002683	228	43
chr3_KI270937v1_alt	165607	217	35
chr6_GL000256v2_alt	4929269	10601	1010
chr19_GL949752v1_alt	987100	1002	164
chr6_KI270758v1_alt	76752	87	16
chr19_GL949753v2_alt	796479	351	78
chr19_KI270938v1_alt	1066800	1025	182
chrM	16569	58623	180
chrUn_KI270302v1	2274	1	1
chrUn_KI270304v1	2165	0	0
chrUn_KI270303v1	1942	0	0
chrUn_KI270305v1	1472	2	0
chrUn_KI270322v1	21476	11	2
chrUn_KI270320v1	4416	0	0
chrUn_KI270310v1	1201	0	0
chrUn_KI270316v1	1444	2	0
chrUn_KI270315v1	2276	0	0
chrUn_KI270312v1	998	0	0
chrUn_KI270311v1	12399	9	0
chrUn_KI270317v1	37690	3	1
chrUn_KI270412v1	1179	0	0
chrUn_KI270411v1	2646	0	0
chrUn_KI270414v1	2489	2	0
chrUn_KI270419v1	1029	0	0
chrUn_KI270418v1	2145	0	0
chrUn_KI270420v1	2321	1	0
chrUn_KI270424v1	2140	0	0
chrUn_KI270417v1	2043	7	1
chrUn_KI270422v1	1445	0	0
chrUn_KI270423v1	981	0	0
chrUn_KI270425v1	1884	0	0
chrUn_KI270429v1	1361	1	0
chrUn_KI270442v1	392061	49254	6654
chrUn_KI270466v1	1233	326	0
chrUn_KI270465v1	1774	0	0
chrUn_KI270467v1	3920	363	0
chrUn_KI270435v1	92983	80	21
chrUn_KI270438v1	112505	405	65
chrUn_KI270468v1	4055	0	0
chrUn_KI270510v1	2415	0	0
chrUn_KI270509v1	2318	5	2
chrUn_KI270518v1	2186	1	0
chrUn_KI270508v1	1951	0	0
chrUn_KI270516v1	1300	1	0
chrUn_KI270512v1	22689	27	15
chrUn_KI270519v1	138126	141	20
chrUn_KI270522v1	5674	1	0
chrUn_KI270511v1	8127	17	9
chrUn_KI270515v1	6361	1	0
chrUn_KI270507v1	5353	0	0
chrUn_KI270517v1	3253	6	5
chrUn_KI270529v1	1899	4	1
chrUn_KI270528v1	2983	1	0
chrUn_KI270530v1	2168	0	0
chrUn_KI270539v1	993	0	0
chrUn_KI270538v1	91309	79	13
chrUn_KI270544v1	1202	0	0
chrUn_KI270548v1	1599	1	0
chrUn_KI270583v1	1400	0	0
chrUn_KI270587v1	2969	3	0
chrUn_KI270580v1	1553	0	0
chrUn_KI270581v1	7046	3	0
chrUn_KI270579v1	31033	10	0
chrUn_KI270589v1	44474	42	3
chrUn_KI270590v1	4685	8	1
chrUn_KI270584v1	4513	1	0
chrUn_KI270582v1	6504	12	0
chrUn_KI270588v1	6158	269	8
chrUn_KI270593v1	3041	0	0
chrUn_KI270591v1	5796	12	7
chrUn_KI270330v1	1652	13	0
chrUn_KI270329v1	1040	0	0
chrUn_KI270334v1	1368	0	0
chrUn_KI270333v1	2699	16	0
chrUn_KI270335v1	1048	0	0
chrUn_KI270338v1	1428	0	0
chrUn_KI270340v1	1428	1	0
chrUn_KI270336v1	1026	6	0
chrUn_KI270337v1	1121	0	0
chrUn_KI270363v1	1803	0	0
chrUn_KI270364v1	2855	1	0
chrUn_KI270362v1	3530	0	0
chrUn_KI270366v1	8320	7	5
chrUn_KI270378v1	1048	1	1
chrUn_KI270379v1	1045	0	0
chrUn_KI270389v1	1298	0	0
chrUn_KI270390v1	2387	0	0
chrUn_KI270387v1	1537	0	0
chrUn_KI270395v1	1143	0	0
chrUn_KI270396v1	1880	0	0
chrUn_KI270388v1	1216	0	0
chrUn_KI270394v1	970	0	0
chrUn_KI270386v1	1788	0	0
chrUn_KI270391v1	1484	0	0
chrUn_KI270383v1	1750	0	0
chrUn_KI270393v1	1308	0	0
chrUn_KI270384v1	1658	0	0
chrUn_KI270392v1	971	1	1
chrUn_KI270381v1	1930	0	0
chrUn_KI270385v1	990	0	0
chrUn_KI270382v1	4215	4	0
chrUn_KI270376v1	1136	0	0
chrUn_KI270374v1	2656	0	0
chrUn_KI270372v1	1650	1	0
chrUn_KI270373v1	1451	0	0
chrUn_KI270375v1	2378	0	0
chrUn_KI270371v1	2805	0	0
chrUn_KI270448v1	7992	3	1
chrUn_KI270521v1	7642	27	0
chrUn_GL000195v1	182896	262	35
chrUn_GL000219v1	179198	302	40
chrUn_GL000220v1	161802	1538593	178878
chrUn_GL000224v1	179693	343	59
chrUn_KI270741v1	157432	253	52
chrUn_GL000226v1	15008	2	0
chrUn_GL000213v1	164239	229	74
chrUn_KI270743v1	210658	255	26
chrUn_KI270744v1	168472	462	38
chrUn_KI270745v1	41891	17	2
chrUn_KI270746v1	66486	161	14
chrUn_KI270747v1	198735	121	15
chrUn_KI270748v1	93321	65	5
chrUn_KI270749v1	158759	203	42
chrUn_KI270750v1	148850	546	78
chrUn_KI270751v1	150742	179	18
chrUn_KI270752v1	27745	509	17
chrUn_KI270753v1	62944	126	15
chrUn_KI270754v1	40191	50	5
chrUn_KI270755v1	36723	27	8
chrUn_KI270756v1	79590	142	17
chrUn_KI270757v1	71251	144	31
chrUn_GL000214v1	137718	255	19
chrUn_KI270742v1	186739	228	13
chrUn_GL000216v2	176608	549	45
chrUn_GL000218v1	161147	252	31
chrX	156040895	1457961	184461
chrY	57227415	266466	24909
chrY_KI270740v1_random	37240	7	3
*	0	0	10124328
