chr1	248956422	2506806	228888
chr10	133797422	2401722	270742
chr11	135086622	1723815	203244
chr11_KI270721v1_random	100316	468	107
chr12	133275309	1938301	193883
chr13	114364328	2069488	623101
chr14	107043718	929912	128858
chr14_GL000009v2_random	201709	3194	13
chr14_GL000225v1_random	211173	363	34
chr14_KI270722v1_random	194050	280	19
chr14_GL000194v1_random	191469	280	52
chr14_KI270723v1_random	38115	52	5
chr14_KI270724v1_random	39555	40	3
chr14_KI270725v1_random	172810	177	15
chr14_KI270726v1_random	43739	29	6
chr15	101991189	761265	133614
chr15_KI270727v1_random	448248	623	103
chr16	90338345	1056563	116797
chr16_KI270728v1_random	1872759	2874	405
chr17	83257441	659670	104981
chr17_GL000205v2_random	185591	227	20
chr17_KI270729v1_random	280839	476	29
chr17_KI270730v1_random	112551	189	13
chr18	80373285	899482	132342
chr19	58617616	812396	176025
chr1_KI270706v1_random	175055	269	14
chr1_KI270707v1_random	32032	8	1
chr1_KI270708v1_random	127682	149	3
chr1_KI270709v1_random	66860	63	11
chr1_KI270710v1_random	40176	22	0
chr1_KI270711v1_random	42210	39	0
chr1_KI270712v1_random	176043	193	40
chr1_KI270713v1_random	40745	1597	11
chr1_KI270714v1_random	41717	76	29
chr2	242193529	2685915	307592
chr20	64444167	617931	94685
chr21	46709983	4003791	517562
chr22	50818468	746711	101200
chr22_KI270731v1_random	150754	121	15
chr22_KI270732v1_random	41543	148	24
chr22_KI270733v1_random	179772	1504327	198136
chr22_KI270734v1_random	165050	892	191
chr22_KI270735v1_random	42811	62	8
chr22_KI270736v1_random	181920	437	39
chr22_KI270737v1_random	103838	85	0
chr22_KI270738v1_random	99375	52	1
chr22_KI270739v1_random	73985	20	0
chr2_KI270715v1_random	161471	2	0
chr2_KI270716v1_random	153799	7	1
chr3	198295559	2564817	261573
chr3_GL000221v1_random	155397	93	3
chr4	190214555	2119945	307405
chr4_GL000008v2_random	209709	193	5
chr5	181538259	2490825	264499
chr5_GL000208v1_random	92689	940	362
chr6	170805979	1754530	195149
chr7	159345973	1412252	223160
chr8	145138636	1477303	213750
chr9	138394717	1307424	123800
chr9_KI270717v1_random	40062	204	30
chr9_KI270718v1_random	38054	64	7
chr9_KI270719v1_random	176845	265	30
chr9_KI270720v1_random	39050	40	1
chr1_KI270762v1_alt	354444	3730	537
chr1_KI270766v1_alt	256271	360	41
chr1_KI270760v1_alt	109528	182	23
chr1_KI270765v1_alt	185285	719	24
chr1_GL383518v1_alt	182439	506	40
chr1_GL383519v1_alt	110268	341	75
chr1_GL383520v2_alt	366580	670	67
chr1_KI270764v1_alt	50258	104	5
chr1_KI270763v1_alt	911658	1750	138
chr1_KI270759v1_alt	425601	1929	157
chr1_KI270761v1_alt	165834	1361	144
chr2_KI270770v1_alt	136240	457	51
chr2_KI270773v1_alt	70887	272	36
chr2_KI270774v1_alt	223625	584	57
chr2_KI270769v1_alt	120616	381	47
chr2_GL383521v1_alt	143390	439	33
chr2_KI270772v1_alt	133041	118	4
chr2_KI270775v1_alt	138019	397	73
chr2_KI270771v1_alt	110395	221	44
chr2_KI270768v1_alt	110099	172	7
chr2_GL582966v2_alt	96131	608	65
chr2_GL383522v1_alt	123821	234	26
chr2_KI270776v1_alt	174166	569	47
chr2_KI270767v1_alt	161578	303	15
chr3_JH636055v2_alt	173151	240	34
chr3_KI270783v1_alt	109187	106	11
chr3_KI270780v1_alt	224108	198	41
chr3_GL383526v1_alt	180671	1029	99
chr3_KI270777v1_alt	173649	617	114
chr3_KI270778v1_alt	248252	507	40
chr3_KI270781v1_alt	113034	121	8
chr3_KI270779v1_alt	205312	210	35
chr3_KI270782v1_alt	162429	273	18
chr3_KI270784v1_alt	184404	564	12
chr4_KI270790v1_alt	220246	523	27
chr4_GL383528v1_alt	376187	822	53
chr4_KI270787v1_alt	111943	236	56
chr4_GL000257v2_alt	586476	1979	339
chr4_KI270788v1_alt	158965	412	31
chr4_GL383527v1_alt	164536	404	46
chr4_KI270785v1_alt	119912	280	15
chr4_KI270789v1_alt	205944	416	70
chr4_KI270786v1_alt	244096	366	59
chr5_KI270793v1_alt	126136	208	40
chr5_KI270792v1_alt	179043	606	130
chr5_KI270791v1_alt	195710	1198	149
chr5_GL383532v1_alt	82728	159	30
chr5_GL949742v1_alt	226852	513	42
chr5_KI270794v1_alt	164558	255	27
chr5_GL339449v2_alt	1612928	5585	1225
chr5_GL383530v1_alt	101241	208	28
chr5_KI270796v1_alt	172708	644	105
chr5_GL383531v1_alt	173459	435	57
chr5_KI270795v1_alt	131892	188	31
chr6_GL000250v2_alt	4672374	2529	295
chr6_KI270800v1_alt	175808	1385	371
chr6_KI270799v1_alt	152148	251	21
chr6_GL383533v1_alt	124736	254	25
chr6_KI270801v1_alt	870480	2524	222
chr6_KI270802v1_alt	75005	164	23
chr6_KB021644v2_alt	185823	534	74
chr6_KI270797v1_alt	197536	560	74
chr6_KI270798v1_alt	271782	1156	237
chr7_KI270804v1_alt	157952	260	12
chr7_KI270809v1_alt	209586	387	23
chr7_KI270806v1_alt	158166	181	24
chr7_GL383534v2_alt	119183	518	40
chr7_KI270803v1_alt	1111570	4843	417
chr7_KI270808v1_alt	271455	541	61
chr7_KI270807v1_alt	126434	378	25
chr7_KI270805v1_alt	209988	566	47
chr8_KI270818v1_alt	145606	239	18
chr8_KI270812v1_alt	282736	749	95
chr8_KI270811v1_alt	292436	3156	71
chr8_KI270821v1_alt	985506	20413	1398
chr8_KI270813v1_alt	300230	381	40
chr8_KI270822v1_alt	624492	1343	175
chr8_KI270814v1_alt	141812	809	130
chr8_KI270810v1_alt	374415	490	45
chr8_KI270819v1_alt	133535	465	60
chr8_KI270820v1_alt	36640	94	9
chr8_KI270817v1_alt	158983	845	128
chr8_KI270816v1_alt	305841	1053	151
chr8_KI270815v1_alt	132244	594	84
chr9_GL383539v1_alt	162988	354	21
chr9_GL383540v1_alt	71551	163	16
chr9_GL383541v1_alt	171286	453	36
chr9_GL383542v1_alt	60032	77	10
chr9_KI270823v1_alt	439082	1116	122
chr10_GL383545v1_alt	179254	483	104
chr10_KI270824v1_alt	181496	331	32
chr10_GL383546v1_alt	309802	415	48
chr10_KI270825v1_alt	188315	798	91
chr11_KI270832v1_alt	210133	552	59
chr11_KI270830v1_alt	177092	404	37
chr11_KI270831v1_alt	296895	901	105
chr11_KI270829v1_alt	204059	417	28
chr11_GL383547v1_alt	154407	263	28
chr11_JH159136v1_alt	200998	508	58
chr11_JH159137v1_alt	191409	432	70
chr11_KI270827v1_alt	67707	227	61
chr11_KI270826v1_alt	186169	483	45
chr12_GL877875v1_alt	167313	869	54
chr12_GL877876v1_alt	408271	809	74
chr12_KI270837v1_alt	40090	85	0
chr12_GL383549v1_alt	120804	286	20
chr12_KI270835v1_alt	238139	799	91
chr12_GL383550v2_alt	169178	341	64
chr12_GL383552v1_alt	138655	591	39
chr12_GL383553v2_alt	152874	521	68
chr12_KI270834v1_alt	119498	265	38
chr12_GL383551v1_alt	184319	311	34
chr12_KI270833v1_alt	76061	133	13
chr12_KI270836v1_alt	56134	79	8
chr13_KI270840v1_alt	191684	307	33
chr13_KI270839v1_alt	180306	406	37
chr13_KI270843v1_alt	103832	242	5
chr13_KI270841v1_alt	169134	219	17
chr13_KI270838v1_alt	306913	793	144
chr13_KI270842v1_alt	37287	102	31
chr14_KI270844v1_alt	322166	650	73
chr14_KI270847v1_alt	1511111	7985	1562
chr14_KI270845v1_alt	180703	391	57
chr14_KI270846v1_alt	1351393	13404	1286
chr15_KI270852v1_alt	478999	669	101
chr15_KI270851v1_alt	263054	250	24
chr15_KI270848v1_alt	327382	435	26
chr15_GL383554v1_alt	296527	219	35
chr15_KI270849v1_alt	244917	366	54
chr15_GL383555v2_alt	388773	1144	180
chr15_KI270850v1_alt	430880	872	52
chr16_KI270854v1_alt	134193	206	16
chr16_KI270856v1_alt	63982	82	12
chr16_KI270855v1_alt	232857	469	49
chr16_KI270853v1_alt	2659700	7892	1626
chr16_GL383556v1_alt	192462	381	28
chr16_GL383557v1_alt	89672	168	19
chr17_GL383563v3_alt	375691	1191	74
chr17_KI270862v1_alt	391357	1086	138
chr17_KI270861v1_alt	196688	702	43
chr17_KI270857v1_alt	2877074	7496	803
chr17_JH159146v1_alt	278131	555	52
chr17_JH159147v1_alt	70345	323	27
chr17_GL383564v2_alt	133151	318	64
chr17_GL000258v2_alt	1821992	3815	673
chr17_GL383565v1_alt	223995	3683	487
chr17_KI270858v1_alt	235827	651	89
chr17_KI270859v1_alt	108763	418	20
chr17_GL383566v1_alt	90219	226	7
chr17_KI270860v1_alt	178921	318	32
chr18_KI270864v1_alt	111737	272	33
chr18_GL383567v1_alt	289831	4910	977
chr18_GL383570v1_alt	164789	354	41
chr18_GL383571v1_alt	198278	344	26
chr18_GL383568v1_alt	104552	155	25
chr18_GL383569v1_alt	167950	178	22
chr18_GL383572v1_alt	159547	185	18
chr18_KI270863v1_alt	167999	470	71
chr19_KI270868v1_alt	61734	125	15
chr19_KI270865v1_alt	52969	252	33
chr19_GL383573v1_alt	385657	648	61
chr19_GL383575v2_alt	170222	262	16
chr19_GL383576v1_alt	188024	261	30
chr19_GL383574v1_alt	155864	454	21
chr19_KI270866v1_alt	43156	284	32
chr19_KI270867v1_alt	233762	737	153
chr19_GL949746v1_alt	987716	952	95
chr20_GL383577v2_alt	128386	275	18
chr20_KI270869v1_alt	118774	150	14
chr20_KI270871v1_alt	58661	369	25
chr20_KI270870v1_alt	183433	385	36
chr21_GL383578v2_alt	63917	173	26
chr21_KI270874v1_alt	166743	285	52
chr21_KI270873v1_alt	143900	305	42
chr21_GL383579v2_alt	201197	567	75
chr21_GL383580v2_alt	74653	316	30
chr21_GL383581v2_alt	116689	244	33
chr21_KI270872v1_alt	82692	278	63
chr22_KI270875v1_alt	259914	668	111
chr22_KI270878v1_alt	186262	247	43
chr22_KI270879v1_alt	304135	922	56
chr22_KI270876v1_alt	263666	709	64
chr22_KI270877v1_alt	101331	269	18
chr22_GL383583v2_alt	96924	324	72
chr22_GL383582v2_alt	162811	297	16
chrX_KI270880v1_alt	284869	378	44
chrX_KI270881v1_alt	144206	272	13
chr19_KI270882v1_alt	248807	37	10
chr19_KI270883v1_alt	170399	33	5
chr19_KI270884v1_alt	157053	28	3
chr19_KI270885v1_alt	171027	32	2
chr19_KI270886v1_alt	204239	32	6
chr19_KI270887v1_alt	209512	42	4
chr19_KI270888v1_alt	155532	19	1
chr19_KI270889v1_alt	170698	18	3
chr19_KI270890v1_alt	184499	51	10
chr19_KI270891v1_alt	170680	21	4
chr1_KI270892v1_alt	162212	1251	150
chr2_KI270894v1_alt	214158	184	15
chr2_KI270893v1_alt	161218	346	23
chr3_KI270895v1_alt	162896	163	36
chr4_KI270896v1_alt	378547	503	64
chr5_KI270897v1_alt	1144418	2703	555
chr5_KI270898v1_alt	130957	183	21
chr6_GL000251v2_alt	4795265	12166	829
chr7_KI270899v1_alt	190869	422	19
chr8_KI270901v1_alt	136959	456	163
chr8_KI270900v1_alt	318687	3247	96
chr11_KI270902v1_alt	106711	212	48
chr11_KI270903v1_alt	214625	312	39
chr12_KI270904v1_alt	572349	1313	99
chr15_KI270906v1_alt	196384	682	154
chr15_KI270905v1_alt	5161414	22029	7242
chr17_KI270907v1_alt	137721	547	33
chr17_KI270910v1_alt	157099	254	17
chr17_KI270909v1_alt	325800	312	56
chr17_JH159148v1_alt	88070	207	27
chr17_KI270908v1_alt	1423190	3199	404
chr18_KI270912v1_alt	174061	220	30
chr18_KI270911v1_alt	157710	173	23
chr19_GL949747v2_alt	729520	322	30
chr22_KB663609v1_alt	74013	87	5
chrX_KI270913v1_alt	274009	404	52
chr19_KI270914v1_alt	205194	52	5
chr19_KI270915v1_alt	170665	24	1
chr19_KI270916v1_alt	184516	22	0
chr19_KI270917v1_alt	190932	26	4
chr19_KI270918v1_alt	123111	26	3
chr19_KI270919v1_alt	170701	21	4
chr19_KI270920v1_alt	198005	37	4
chr19_KI270921v1_alt	282224	37	6
chr19_KI270922v1_alt	187935	29	9
chr19_KI270923v1_alt	189352	49	4
chr3_KI270924v1_alt	166540	179	28
chr4_KI270925v1_alt	555799	1135	126
chr6_GL000252v2_alt	4604811	10190	858
chr8_KI270926v1_alt	229282	353	26
chr11_KI270927v1_alt	218612	631	104
chr19_GL949748v2_alt	1064304	202	21
chr22_KI270928v1_alt	176103	314	17
chr19_KI270929v1_alt	186203	32	3
chr19_KI270930v1_alt	200773	40	3
chr19_KI270931v1_alt	170148	22	4
chr19_KI270932v1_alt	215732	77	5
chr19_KI270933v1_alt	170537	25	4
chr19_GL000209v2_alt	177381	44	5
chr3_KI270934v1_alt	163458	167	30
chr6_GL000253v2_alt	4677643	10451	707
chr19_GL949749v2_alt	1091841	166	13
chr3_KI270935v1_alt	197351	174	19
chr6_GL000254v2_alt	4827813	10200	877
chr19_GL949750v2_alt	1066390	191	16
chr3_KI270936v1_alt	164170	186	34
chr6_GL000255v2_alt	4606388	5088	626
chr19_GL949751v2_alt	1002683	192	20
chr3_KI270937v1_alt	165607	152	18
chr6_GL000256v2_alt	4929269	10266	666
chr19_GL949752v1_alt	987100	955	102
chr6_KI270758v1_alt	76752	99	14
chr19_GL949753v2_alt	796479	417	42
chr19_KI270938v1_alt	1066800	954	103
chrM	16569	26283	299
chrUn_KI270302v1	2274	3	0
chrUn_KI270304v1	2165	0	0
chrUn_KI270303v1	1942	0	0
chrUn_KI270305v1	1472	0	0
chrUn_KI270322v1	21476	1	0
chrUn_KI270320v1	4416	0	0
chrUn_KI270310v1	1201	0	0
chrUn_KI270316v1	1444	0	0
chrUn_KI270315v1	2276	0	0
chrUn_KI270312v1	998	0	0
chrUn_KI270311v1	12399	0	0
chrUn_KI270317v1	37690	2	0
chrUn_KI270412v1	1179	0	0
chrUn_KI270411v1	2646	0	0
chrUn_KI270414v1	2489	0	0
chrUn_KI270419v1	1029	1	0
chrUn_KI270418v1	2145	0	0
chrUn_KI270420v1	2321	0	0
chrUn_KI270424v1	2140	0	0
chrUn_KI270417v1	2043	13	0
chrUn_KI270422v1	1445	0	0
chrUn_KI270423v1	981	0	0
chrUn_KI270425v1	1884	0	0
chrUn_KI270429v1	1361	1	1
chrUn_KI270442v1	392061	36463	3953
chrUn_KI270466v1	1233	1	0
chrUn_KI270465v1	1774	0	0
chrUn_KI270467v1	3920	38	0
chrUn_KI270435v1	92983	108	8
chrUn_KI270438v1	112505	155	9
chrUn_KI270468v1	4055	0	0
chrUn_KI270510v1	2415	0	0
chrUn_KI270509v1	2318	0	0
chrUn_KI270518v1	2186	0	0
chrUn_KI270508v1	1951	1	0
chrUn_KI270516v1	1300	0	0
chrUn_KI270512v1	22689	8	0
chrUn_KI270519v1	138126	115	27
chrUn_KI270522v1	5674	1	0
chrUn_KI270511v1	8127	10	0
chrUn_KI270515v1	6361	6	2
chrUn_KI270507v1	5353	0	0
chrUn_KI270517v1	3253	5	0
chrUn_KI270529v1	1899	0	0
chrUn_KI270528v1	2983	0	0
chrUn_KI270530v1	2168	0	0
chrUn_KI270539v1	993	0	0
chrUn_KI270538v1	91309	41	9
chrUn_KI270544v1	1202	0	0
chrUn_KI270548v1	1599	0	0
chrUn_KI270583v1	1400	1	0
chrUn_KI270587v1	2969	0	0
chrUn_KI270580v1	1553	0	0
chrUn_KI270581v1	7046	1	0
chrUn_KI270579v1	31033	10	3
chrUn_KI270589v1	44474	45	1
chrUn_KI270590v1	4685	1	0
chrUn_KI270584v1	4513	1	0
chrUn_KI270582v1	6504	2	0
chrUn_KI270588v1	6158	205	6
chrUn_KI270593v1	3041	1	0
chrUn_KI270591v1	5796	17	0
chrUn_KI270330v1	1652	10	0
chrUn_KI270329v1	1040	0	0
chrUn_KI270334v1	1368	0	0
chrUn_KI270333v1	2699	0	0
chrUn_KI270335v1	1048	0	0
chrUn_KI270338v1	1428	0	0
chrUn_KI270340v1	1428	0	0
chrUn_KI270336v1	1026	0	0
chrUn_KI270337v1	1121	2	0
chrUn_KI270363v1	1803	0	0
chrUn_KI270364v1	2855	0	0
chrUn_KI270362v1	3530	49	0
chrUn_KI270366v1	8320	1	1
chrUn_KI270378v1	1048	0	0
chrUn_KI270379v1	1045	0	0
chrUn_KI270389v1	1298	0	0
chrUn_KI270390v1	2387	0	0
chrUn_KI270387v1	1537	0	0
chrUn_KI270395v1	1143	0	0
chrUn_KI270396v1	1880	0	0
chrUn_KI270388v1	1216	0	0
chrUn_KI270394v1	970	0	0
chrUn_KI270386v1	1788	0	0
chrUn_KI270391v1	1484	0	0
chrUn_KI270383v1	1750	0	0
chrUn_KI270393v1	1308	0	0
chrUn_KI270384v1	1658	0	0
chrUn_KI270392v1	971	2	1
chrUn_KI270381v1	1930	0	0
chrUn_KI270385v1	990	0	0
chrUn_KI270382v1	4215	0	0
chrUn_KI270376v1	1136	1	0
chrUn_KI270374v1	2656	0	0
chrUn_KI270372v1	1650	1	0
chrUn_KI270373v1	1451	0	0
chrUn_KI270375v1	2378	0	0
chrUn_KI270371v1	2805	1	0
chrUn_KI270448v1	7992	0	0
chrUn_KI270521v1	7642	0	0
chrUn_GL000195v1	182896	153	8
chrUn_GL000219v1	179198	335	27
chrUn_GL000220v1	161802	1440424	194543
chrUn_GL000224v1	179693	293	25
chrUn_KI270741v1	157432	247	18
chrUn_GL000226v1	15008	0	0
chrUn_GL000213v1	164239	248	28
chrUn_KI270743v1	210658	181	17
chrUn_KI270744v1	168472	599	56
chrUn_KI270745v1	41891	26	4
chrUn_KI270746v1	66486	119	7
chrUn_KI270747v1	198735	69	1
chrUn_KI270748v1	93321	126	24
chrUn_KI270749v1	158759	182	11
chrUn_KI270750v1	148850	515	21
chrUn_KI270751v1	150742	125	2
chrUn_KI270752v1	27745	15837	425
chrUn_KI270753v1	62944	68	6
chrUn_KI270754v1	40191	24	2
chrUn_KI270755v1	36723	26	4
chrUn_KI270756v1	79590	68	33
chrUn_KI270757v1	71251	59	11
chrUn_GL000214v1	137718	145	6
chrUn_KI270742v1	186739	155	6
chrUn_GL000216v2	176608	318	47
chrUn_GL000218v1	161147	505	67
chrX	156040895	1382218	151238
chrY	57227415	240183	17597
chrY_KI270740v1_random	37240	1	0
*	0	0	6344902
