chr1	248956422	5573790	156044
chr10	133797422	2026222	124275
chr11	135086622	2662187	100567
chr11_KI270721v1_random	100316	841	68
chr12	133275309	2865283	104628
chr13	114364328	2253661	395241
chr14	107043718	1900862	62312
chr14_GL000009v2_random	201709	8750	38
chr14_GL000225v1_random	211173	2003	60
chr14_KI270722v1_random	194050	983	28
chr14_GL000194v1_random	191469	6186	29
chr14_KI270723v1_random	38115	227	8
chr14_KI270724v1_random	39555	285	20
chr14_KI270725v1_random	172810	469	17
chr14_KI270726v1_random	43739	141	1
chr15	101991189	1299800	68731
chr15_KI270727v1_random	448248	1396	88
chr16	90338345	1700921	65263
chr16_KI270728v1_random	1872759	4721	325
chr17	83257441	2012676	61510
chr17_GL000205v2_random	185591	1107	46
chr17_KI270729v1_random	280839	7542	50
chr17_KI270730v1_random	112551	3766	10
chr18	80373285	1031303	61539
chr19	58617616	1275211	79443
chr1_KI270706v1_random	175055	4776	26
chr1_KI270707v1_random	32032	325	2
chr1_KI270708v1_random	127682	391	19
chr1_KI270709v1_random	66860	328	10
chr1_KI270710v1_random	40176	95	2
chr1_KI270711v1_random	42210	1436	5
chr1_KI270712v1_random	176043	698	39
chr1_KI270713v1_random	40745	15875	57
chr1_KI270714v1_random	41717	207	26
chr2	242193529	3462940	174782
chr20	64444167	1048973	52955
chr21	46709983	5448231	179184
chr22	50818468	893992	44590
chr22_KI270731v1_random	150754	392	18
chr22_KI270732v1_random	41543	322	17
chr22_KI270733v1_random	179772	2517103	67233
chr22_KI270734v1_random	165050	5291	73
chr22_KI270735v1_random	42811	1130	8
chr22_KI270736v1_random	181920	13002	54
chr22_KI270737v1_random	103838	1423	7
chr22_KI270738v1_random	99375	220	10
chr22_KI270739v1_random	73985	75	3
chr2_KI270715v1_random	161471	62	2
chr2_KI270716v1_random	153799	112	8
chr3	198295559	3189490	130376
chr3_GL000221v1_random	155397	844	16
chr4	190214555	2538436	144973
chr4_GL000008v2_random	209709	2727	24
chr5	181538259	2657051	130320
chr5_GL000208v1_random	92689	249	42
chr6	170805979	2263281	109494
chr7	159345973	2477267	129534
chr8	145138636	1983107	103033
chr9	138394717	1937480	79394
chr9_KI270717v1_random	40062	468	11
chr9_KI270718v1_random	38054	908	2
chr9_KI270719v1_random	176845	677	26
chr9_KI270720v1_random	39050	205	3
chr1_KI270762v1_alt	354444	2380	232
chr1_KI270766v1_alt	256271	720	28
chr1_KI270760v1_alt	109528	499	14
chr1_KI270765v1_alt	185285	7793	80
chr1_GL383518v1_alt	182439	5423	37
chr1_GL383519v1_alt	110268	2845	47
chr1_GL383520v2_alt	366580	1396	67
chr1_KI270764v1_alt	50258	610	8
chr1_KI270763v1_alt	911658	8280	172
chr1_KI270759v1_alt	425601	1961	129
chr1_KI270761v1_alt	165834	740	81
chr2_KI270770v1_alt	136240	581	48
chr2_KI270773v1_alt	70887	1179	24
chr2_KI270774v1_alt	223625	2049	59
chr2_KI270769v1_alt	120616	1506	41
chr2_GL383521v1_alt	143390	637	36
chr2_KI270772v1_alt	133041	323	14
chr2_KI270775v1_alt	138019	529	53
chr2_KI270771v1_alt	110395	554	36
chr2_KI270768v1_alt	110099	508	14
chr2_GL582966v2_alt	96131	560	25
chr2_GL383522v1_alt	123821	743	39
chr2_KI270776v1_alt	174166	1349	55
chr2_KI270767v1_alt	161578	855	36
chr3_JH636055v2_alt	173151	821	51
chr3_KI270783v1_alt	109187	337	11
chr3_KI270780v1_alt	224108	721	23
chr3_GL383526v1_alt	180671	999	52
chr3_KI270777v1_alt	173649	2382	61
chr3_KI270778v1_alt	248252	834	39
chr3_KI270781v1_alt	113034	421	21
chr3_KI270779v1_alt	205312	945	14
chr3_KI270782v1_alt	162429	1410	41
chr3_KI270784v1_alt	184404	1069	12
chr4_KI270790v1_alt	220246	3328	203
chr4_GL383528v1_alt	376187	1631	75
chr4_KI270787v1_alt	111943	468	39
chr4_GL000257v2_alt	586476	3659	178
chr4_KI270788v1_alt	158965	751	44
chr4_GL383527v1_alt	164536	784	41
chr4_KI270785v1_alt	119912	540	27
chr4_KI270789v1_alt	205944	699	21
chr4_KI270786v1_alt	244096	666	31
chr5_KI270793v1_alt	126136	593	39
chr5_KI270792v1_alt	179043	2039	111
chr5_KI270791v1_alt	195710	2359	73
chr5_GL383532v1_alt	82728	331	26
chr5_GL949742v1_alt	226852	804	45
chr5_KI270794v1_alt	164558	574	32
chr5_GL339449v2_alt	1612928	40520	1348
chr5_GL383530v1_alt	101241	373	26
chr5_KI270796v1_alt	172708	766	58
chr5_GL383531v1_alt	173459	614	33
chr5_KI270795v1_alt	131892	1076	19
chr6_GL000250v2_alt	4672374	11618	289
chr6_KI270800v1_alt	175808	729	60
chr6_KI270799v1_alt	152148	450	30
chr6_GL383533v1_alt	124736	750	30
chr6_KI270801v1_alt	870480	11861	218
chr6_KI270802v1_alt	75005	288	17
chr6_KB021644v2_alt	185823	643	43
chr6_KI270797v1_alt	197536	1220	63
chr6_KI270798v1_alt	271782	3905	136
chr7_KI270804v1_alt	157952	594	34
chr7_KI270809v1_alt	209586	3232	32
chr7_KI270806v1_alt	158166	1482	22
chr7_GL383534v2_alt	119183	2310	48
chr7_KI270803v1_alt	1111570	6346	355
chr7_KI270808v1_alt	271455	1183	61
chr7_KI270807v1_alt	126434	669	36
chr7_KI270805v1_alt	209988	1255	84
chr8_KI270818v1_alt	145606	541	35
chr8_KI270812v1_alt	282736	1070	64
chr8_KI270811v1_alt	292436	1961	91
chr8_KI270821v1_alt	985506	8049	502
chr8_KI270813v1_alt	300230	847	50
chr8_KI270822v1_alt	624492	2052	199
chr8_KI270814v1_alt	141812	786	86
chr8_KI270810v1_alt	374415	1183	69
chr8_KI270819v1_alt	133535	1041	70
chr8_KI270820v1_alt	36640	209	8
chr8_KI270817v1_alt	158983	1298	76
chr8_KI270816v1_alt	305841	6139	152
chr8_KI270815v1_alt	132244	2343	85
chr9_GL383539v1_alt	162988	908	21
chr9_GL383540v1_alt	71551	307	25
chr9_GL383541v1_alt	171286	808	48
chr9_GL383542v1_alt	60032	262	7
chr9_KI270823v1_alt	439082	1695	116
chr10_GL383545v1_alt	179254	632	26
chr10_KI270824v1_alt	181496	805	36
chr10_GL383546v1_alt	309802	1016	58
chr10_KI270825v1_alt	188315	2364	57
chr11_KI270832v1_alt	210133	2009	59
chr11_KI270830v1_alt	177092	1466	28
chr11_KI270831v1_alt	296895	5442	135
chr11_KI270829v1_alt	204059	757	40
chr11_GL383547v1_alt	154407	571	29
chr11_JH159136v1_alt	200998	794	34
chr11_JH159137v1_alt	191409	598	30
chr11_KI270827v1_alt	67707	1108	49
chr11_KI270826v1_alt	186169	631	52
chr12_GL877875v1_alt	167313	1745	51
chr12_GL877876v1_alt	408271	6097	71
chr12_KI270837v1_alt	40090	390	7
chr12_GL383549v1_alt	120804	441	24
chr12_KI270835v1_alt	238139	1610	63
chr12_GL383550v2_alt	169178	717	29
chr12_GL383552v1_alt	138655	693	26
chr12_GL383553v2_alt	152874	521	46
chr12_KI270834v1_alt	119498	1354	40
chr12_GL383551v1_alt	184319	651	40
chr12_KI270833v1_alt	76061	463	16
chr12_KI270836v1_alt	56134	204	21
chr13_KI270840v1_alt	191684	628	48
chr13_KI270839v1_alt	180306	796	43
chr13_KI270843v1_alt	103832	333	14
chr13_KI270841v1_alt	169134	604	43
chr13_KI270838v1_alt	306913	1507	106
chr13_KI270842v1_alt	37287	152	13
chr14_KI270844v1_alt	322166	5280	69
chr14_KI270847v1_alt	1511111	12346	652
chr14_KI270845v1_alt	180703	873	53
chr14_KI270846v1_alt	1351393	139522	493
chr15_KI270852v1_alt	478999	1551	77
chr15_KI270851v1_alt	263054	1968	27
chr15_KI270848v1_alt	327382	2379	67
chr15_GL383554v1_alt	296527	805	26
chr15_KI270849v1_alt	244917	1394	64
chr15_GL383555v2_alt	388773	2432	121
chr15_KI270850v1_alt	430880	6178	282
chr16_KI270854v1_alt	134193	2279	34
chr16_KI270856v1_alt	63982	225	21
chr16_KI270855v1_alt	232857	3128	62
chr16_KI270853v1_alt	2659700	32654	920
chr16_GL383556v1_alt	192462	673	48
chr16_GL383557v1_alt	89672	922	22
chr17_GL383563v3_alt	375691	2369	100
chr17_KI270862v1_alt	391357	5165	122
chr17_KI270861v1_alt	196688	2744	63
chr17_KI270857v1_alt	2877074	29354	845
chr17_JH159146v1_alt	278131	1118	63
chr17_JH159147v1_alt	70345	611	22
chr17_GL383564v2_alt	133151	458	28
chr17_GL000258v2_alt	1821992	15264	386
chr17_GL383565v1_alt	223995	2996	337
chr17_KI270858v1_alt	235827	1147	56
chr17_KI270859v1_alt	108763	6911	19
chr17_GL383566v1_alt	90219	765	21
chr17_KI270860v1_alt	178921	2140	77
chr18_KI270864v1_alt	111737	416	19
chr18_GL383567v1_alt	289831	2375	322
chr18_GL383570v1_alt	164789	566	28
chr18_GL383571v1_alt	198278	694	29
chr18_GL383568v1_alt	104552	363	16
chr18_GL383569v1_alt	167950	495	24
chr18_GL383572v1_alt	159547	462	24
chr18_KI270863v1_alt	167999	817	37
chr19_KI270868v1_alt	61734	813	21
chr19_KI270865v1_alt	52969	951	30
chr19_GL383573v1_alt	385657	1278	74
chr19_GL383575v2_alt	170222	724	33
chr19_GL383576v1_alt	188024	642	38
chr19_GL383574v1_alt	155864	2572	38
chr19_KI270866v1_alt	43156	5199	42
chr19_KI270867v1_alt	233762	1719	87
chr19_GL949746v1_alt	987716	3681	137
chr20_GL383577v2_alt	128386	522	35
chr20_KI270869v1_alt	118774	1076	25
chr20_KI270871v1_alt	58661	883	21
chr20_KI270870v1_alt	183433	1700	55
chr21_GL383578v2_alt	63917	270	17
chr21_KI270874v1_alt	166743	445	25
chr21_KI270873v1_alt	143900	642	44
chr21_GL383579v2_alt	201197	740	44
chr21_GL383580v2_alt	74653	2184	26
chr21_GL383581v2_alt	116689	915	11
chr21_KI270872v1_alt	82692	699	33
chr22_KI270875v1_alt	259914	1174	76
chr22_KI270878v1_alt	186262	2498	44
chr22_KI270879v1_alt	304135	5040	104
chr22_KI270876v1_alt	263666	4808	77
chr22_KI270877v1_alt	101331	574	50
chr22_GL383583v2_alt	96924	450	39
chr22_GL383582v2_alt	162811	1457	16
chrX_KI270880v1_alt	284869	1462	56
chrX_KI270881v1_alt	144206	468	27
chr19_KI270882v1_alt	248807	92	8
chr19_KI270883v1_alt	170399	66	3
chr19_KI270884v1_alt	157053	56	3
chr19_KI270885v1_alt	171027	73	2
chr19_KI270886v1_alt	204239	66	3
chr19_KI270887v1_alt	209512	76	3
chr19_KI270888v1_alt	155532	47	4
chr19_KI270889v1_alt	170698	81	2
chr19_KI270890v1_alt	184499	72	1
chr19_KI270891v1_alt	170680	63	4
chr1_KI270892v1_alt	162212	778	70
chr2_KI270894v1_alt	214158	696	30
chr2_KI270893v1_alt	161218	862	28
chr3_KI270895v1_alt	162896	966	11
chr4_KI270896v1_alt	378547	1533	91
chr5_KI270897v1_alt	1144418	30772	299
chr5_KI270898v1_alt	130957	1043	17
chr6_GL000251v2_alt	4795265	25807	889
chr7_KI270899v1_alt	190869	929	40
chr8_KI270901v1_alt	136959	591	76
chr8_KI270900v1_alt	318687	1947	69
chr11_KI270902v1_alt	106711	501	32
chr11_KI270903v1_alt	214625	1705	52
chr12_KI270904v1_alt	572349	10380	100
chr15_KI270906v1_alt	196384	930	136
chr15_KI270905v1_alt	5161414	36410	4195
chr17_KI270907v1_alt	137721	868	55
chr17_KI270910v1_alt	157099	1081	53
chr17_KI270909v1_alt	325800	785	44
chr17_JH159148v1_alt	88070	380	27
chr17_KI270908v1_alt	1423190	14418	338
chr18_KI270912v1_alt	174061	493	27
chr18_KI270911v1_alt	157710	500	42
chr19_GL949747v2_alt	729520	1704	45
chr22_KB663609v1_alt	74013	563	7
chrX_KI270913v1_alt	274009	1254	51
chr19_KI270914v1_alt	205194	77	5
chr19_KI270915v1_alt	170665	43	3
chr19_KI270916v1_alt	184516	61	1
chr19_KI270917v1_alt	190932	77	6
chr19_KI270918v1_alt	123111	27	3
chr19_KI270919v1_alt	170701	56	5
chr19_KI270920v1_alt	198005	91	3
chr19_KI270921v1_alt	282224	111	6
chr19_KI270922v1_alt	187935	74	6
chr19_KI270923v1_alt	189352	90	6
chr3_KI270924v1_alt	166540	911	13
chr4_KI270925v1_alt	555799	2252	99
chr6_GL000252v2_alt	4604811	19330	743
chr8_KI270926v1_alt	229282	841	53
chr11_KI270927v1_alt	218612	1253	51
chr19_GL949748v2_alt	1064304	1193	27
chr22_KI270928v1_alt	176103	1528	30
chr19_KI270929v1_alt	186203	83	6
chr19_KI270930v1_alt	200773	94	5
chr19_KI270931v1_alt	170148	67	10
chr19_KI270932v1_alt	215732	65	2
chr19_KI270933v1_alt	170537	68	5
chr19_GL000209v2_alt	177381	60	3
chr3_KI270934v1_alt	163458	930	13
chr6_GL000253v2_alt	4677643	20354	625
chr19_GL949749v2_alt	1091841	1258	29
chr3_KI270935v1_alt	197351	900	17
chr6_GL000254v2_alt	4827813	16051	688
chr19_GL949750v2_alt	1066390	1249	35
chr3_KI270936v1_alt	164170	860	10
chr6_GL000255v2_alt	4606388	21106	598
chr19_GL949751v2_alt	1002683	1199	27
chr3_KI270937v1_alt	165607	1126	16
chr6_GL000256v2_alt	4929269	18736	620
chr19_GL949752v1_alt	987100	3747	147
chr6_KI270758v1_alt	76752	146	5
chr19_GL949753v2_alt	796479	1606	56
chr19_KI270938v1_alt	1066800	3758	137
chrM	16569	693531	1426
chrUn_KI270302v1	2274	2	0
chrUn_KI270304v1	2165	2	0
chrUn_KI270303v1	1942	2	0
chrUn_KI270305v1	1472	1	1
chrUn_KI270322v1	21476	9	2
chrUn_KI270320v1	4416	3	0
chrUn_KI270310v1	1201	1	0
chrUn_KI270316v1	1444	0	0
chrUn_KI270315v1	2276	1	1
chrUn_KI270312v1	998	4	0
chrUn_KI270311v1	12399	4	1
chrUn_KI270317v1	37690	3	0
chrUn_KI270412v1	1179	0	0
chrUn_KI270411v1	2646	2	1
chrUn_KI270414v1	2489	5	3
chrUn_KI270419v1	1029	0	0
chrUn_KI270418v1	2145	5	1
chrUn_KI270420v1	2321	2	0
chrUn_KI270424v1	2140	6	0
chrUn_KI270417v1	2043	0	0
chrUn_KI270422v1	1445	1	0
chrUn_KI270423v1	981	3	0
chrUn_KI270425v1	1884	17	0
chrUn_KI270429v1	1361	10	1
chrUn_KI270442v1	392061	37904	1921
chrUn_KI270466v1	1233	1911	2
chrUn_KI270465v1	1774	0	0
chrUn_KI270467v1	3920	5218	8
chrUn_KI270435v1	92983	535	7
chrUn_KI270438v1	112505	12721	16
chrUn_KI270468v1	4055	4	0
chrUn_KI270510v1	2415	5	0
chrUn_KI270509v1	2318	10	0
chrUn_KI270518v1	2186	12	0
chrUn_KI270508v1	1951	14	0
chrUn_KI270516v1	1300	0	0
chrUn_KI270512v1	22689	261	0
chrUn_KI270519v1	138126	583	16
chrUn_KI270522v1	5674	9	2
chrUn_KI270511v1	8127	9	0
chrUn_KI270515v1	6361	12	0
chrUn_KI270507v1	5353	10	0
chrUn_KI270517v1	3253	4	0
chrUn_KI270529v1	1899	0	0
chrUn_KI270528v1	2983	1	0
chrUn_KI270530v1	2168	2	0
chrUn_KI270539v1	993	0	0
chrUn_KI270538v1	91309	94	3
chrUn_KI270544v1	1202	4	0
chrUn_KI270548v1	1599	1	0
chrUn_KI270583v1	1400	3	0
chrUn_KI270587v1	2969	4	0
chrUn_KI270580v1	1553	8	0
chrUn_KI270581v1	7046	7	0
chrUn_KI270579v1	31033	27	1
chrUn_KI270589v1	44474	637	3
chrUn_KI270590v1	4685	12	0
chrUn_KI270584v1	4513	6	1
chrUn_KI270582v1	6504	12	0
chrUn_KI270588v1	6158	57	3
chrUn_KI270593v1	3041	6	0
chrUn_KI270591v1	5796	124	0
chrUn_KI270330v1	1652	352	0
chrUn_KI270329v1	1040	0	0
chrUn_KI270334v1	1368	2	0
chrUn_KI270333v1	2699	157	1
chrUn_KI270335v1	1048	2	0
chrUn_KI270338v1	1428	7	0
chrUn_KI270340v1	1428	1	0
chrUn_KI270336v1	1026	38	0
chrUn_KI270337v1	1121	147	0
chrUn_KI270363v1	1803	0	0
chrUn_KI270364v1	2855	3	0
chrUn_KI270362v1	3530	3	0
chrUn_KI270366v1	8320	10	1
chrUn_KI270378v1	1048	0	0
chrUn_KI270379v1	1045	0	0
chrUn_KI270389v1	1298	1	0
chrUn_KI270390v1	2387	0	0
chrUn_KI270387v1	1537	0	0
chrUn_KI270395v1	1143	0	0
chrUn_KI270396v1	1880	4	0
chrUn_KI270388v1	1216	0	0
chrUn_KI270394v1	970	0	0
chrUn_KI270386v1	1788	0	0
chrUn_KI270391v1	1484	0	0
chrUn_KI270383v1	1750	0	0
chrUn_KI270393v1	1308	3	0
chrUn_KI270384v1	1658	1	0
chrUn_KI270392v1	971	0	0
chrUn_KI270381v1	1930	5	0
chrUn_KI270385v1	990	0	0
chrUn_KI270382v1	4215	12	0
chrUn_KI270376v1	1136	0	0
chrUn_KI270374v1	2656	28	0
chrUn_KI270372v1	1650	1	0
chrUn_KI270373v1	1451	2	0
chrUn_KI270375v1	2378	3	0
chrUn_KI270371v1	2805	4	0
chrUn_KI270448v1	7992	15	0
chrUn_KI270521v1	7642	14	0
chrUn_GL000195v1	182896	1678	25
chrUn_GL000219v1	179198	916	43
chrUn_GL000220v1	161802	2386748	65594
chrUn_GL000224v1	179693	1204	29
chrUn_KI270741v1	157432	444	35
chrUn_GL000226v1	15008	9	0
chrUn_GL000213v1	164239	409	32
chrUn_KI270743v1	210658	1596	19
chrUn_KI270744v1	168472	2101	38
chrUn_KI270745v1	41891	402	4
chrUn_KI270746v1	66486	268	7
chrUn_KI270747v1	198735	199	10
chrUn_KI270748v1	93321	201	9
chrUn_KI270749v1	158759	436	15
chrUn_KI270750v1	148850	529	29
chrUn_KI270751v1	150742	1639	10
chrUn_KI270752v1	27745	37188	486
chrUn_KI270753v1	62944	172	8
chrUn_KI270754v1	40191	103	8
chrUn_KI270755v1	36723	52	2
chrUn_KI270756v1	79590	1479	10
chrUn_KI270757v1	71251	695	12
chrUn_GL000214v1	137718	1678	19
chrUn_KI270742v1	186739	1085	17
chrUn_GL000216v2	176608	6053	32
chrUn_GL000218v1	161147	3140	26
chrX	156040895	1773381	88941
chrY	57227415	236660	10797
chrY_KI270740v1_random	37240	31	1
*	0	0	3686080
