chr1	248956422	5276154	34610
chr10	133797422	1538722	16223
chr11	135086622	2111780	17277
chr11_KI270721v1_random	100316	534	7
chr12	133275309	2757139	20346
chr13	114364328	1645286	71885
chr14	107043718	1736094	12180
chr14_GL000009v2_random	201709	7449	21
chr14_GL000225v1_random	211173	25458	96
chr14_KI270722v1_random	194050	2622	9
chr14_GL000194v1_random	191469	5799	16
chr14_KI270723v1_random	38115	728	4
chr14_KI270724v1_random	39555	875	3
chr14_KI270725v1_random	172810	2023	6
chr14_KI270726v1_random	43739	120	1
chr15	101991189	1197347	11086
chr15_KI270727v1_random	448248	1734	13
chr16	90338345	1627091	14641
chr16_KI270728v1_random	1872759	15768	86
chr17	83257441	1694956	12822
chr17_GL000205v2_random	185591	2637	12
chr17_KI270729v1_random	280839	28141	14
chr17_KI270730v1_random	112551	17230	8
chr18	80373285	1026615	9597
chr19	58617616	1022154	10429
chr1_KI270706v1_random	175055	5284	13
chr1_KI270707v1_random	32032	511	1
chr1_KI270708v1_random	127682	1686	4
chr1_KI270709v1_random	66860	4475	4
chr1_KI270710v1_random	40176	600	0
chr1_KI270711v1_random	42210	1709	0
chr1_KI270712v1_random	176043	2471	15
chr1_KI270713v1_random	40745	6878	18
chr1_KI270714v1_random	41717	362	6
chr2	242193529	2825928	31668
chr20	64444167	1082075	10531
chr21	46709983	1917379	15200
chr22	50818468	690599	6094
chr22_KI270731v1_random	150754	1468	5
chr22_KI270732v1_random	41543	1058	9
chr22_KI270733v1_random	179772	691562	5523
chr22_KI270734v1_random	165050	3079	10
chr22_KI270735v1_random	42811	4846	2
chr22_KI270736v1_random	181920	55949	28
chr22_KI270737v1_random	103838	4731	4
chr22_KI270738v1_random	99375	1218	9
chr22_KI270739v1_random	73985	435	0
chr2_KI270715v1_random	161471	825	0
chr2_KI270716v1_random	153799	966	2
chr3	198295559	2881315	24224
chr3_GL000221v1_random	155397	1788	5
chr4	190214555	2401489	22314
chr4_GL000008v2_random	209709	9677	23
chr5	181538259	2476809	22769
chr5_GL000208v1_random	92689	683	2
chr6	170805979	1796425	18916
chr7	159345973	2558189	21874
chr8	145138636	1936957	17442
chr9	138394717	1774158	17515
chr9_KI270717v1_random	40062	672	8
chr9_KI270718v1_random	38054	1086	1
chr9_KI270719v1_random	176845	1573	4
chr9_KI270720v1_random	39050	590	0
chr1_KI270762v1_alt	354444	1371	35
chr1_KI270766v1_alt	256271	1214	1
chr1_KI270760v1_alt	109528	463	11
chr1_KI270765v1_alt	185285	5178	19
chr1_GL383518v1_alt	182439	4483	16
chr1_GL383519v1_alt	110268	2742	20
chr1_GL383520v2_alt	366580	2834	24
chr1_KI270764v1_alt	50258	1916	4
chr1_KI270763v1_alt	911658	12842	47
chr1_KI270759v1_alt	425601	4503	36
chr1_KI270761v1_alt	165834	932	4
chr2_KI270770v1_alt	136240	633	19
chr2_KI270773v1_alt	70887	1127	7
chr2_KI270774v1_alt	223625	1926	22
chr2_KI270769v1_alt	120616	1075	11
chr2_GL383521v1_alt	143390	679	18
chr2_KI270772v1_alt	133041	2061	5
chr2_KI270775v1_alt	138019	593	7
chr2_KI270771v1_alt	110395	485	9
chr2_KI270768v1_alt	110099	525	3
chr2_GL582966v2_alt	96131	546	9
chr2_GL383522v1_alt	123821	870	7
chr2_KI270776v1_alt	174166	1221	10
chr2_KI270767v1_alt	161578	877	11
chr3_JH636055v2_alt	173151	1181	13
chr3_KI270783v1_alt	109187	589	6
chr3_KI270780v1_alt	224108	1427	9
chr3_GL383526v1_alt	180671	961	15
chr3_KI270777v1_alt	173649	1937	7
chr3_KI270778v1_alt	248252	1185	9
chr3_KI270781v1_alt	113034	896	9
chr3_KI270779v1_alt	205312	1130	7
chr3_KI270782v1_alt	162429	1714	12
chr3_KI270784v1_alt	184404	1510	6
chr4_KI270790v1_alt	220246	1291	21
chr4_GL383528v1_alt	376187	1863	21
chr4_KI270787v1_alt	111943	591	2
chr4_GL000257v2_alt	586476	3509	21
chr4_KI270788v1_alt	158965	946	15
chr4_GL383527v1_alt	164536	1006	9
chr4_KI270785v1_alt	119912	653	3
chr4_KI270789v1_alt	205944	1119	4
chr4_KI270786v1_alt	244096	930	6
chr5_KI270793v1_alt	126136	825	31
chr5_KI270792v1_alt	179043	1482	28
chr5_KI270791v1_alt	195710	2091	27
chr5_GL383532v1_alt	82728	317	5
chr5_GL949742v1_alt	226852	985	11
chr5_KI270794v1_alt	164558	889	11
chr5_GL339449v2_alt	1612928	29910	280
chr5_GL383530v1_alt	101241	622	2
chr5_KI270796v1_alt	172708	996	10
chr5_GL383531v1_alt	173459	845	5
chr5_KI270795v1_alt	131892	1031	4
chr6_GL000250v2_alt	4672374	6189	56
chr6_KI270800v1_alt	175808	676	6
chr6_KI270799v1_alt	152148	474	5
chr6_GL383533v1_alt	124736	975	7
chr6_KI270801v1_alt	870480	8920	51
chr6_KI270802v1_alt	75005	318	7
chr6_KB021644v2_alt	185823	842	17
chr6_KI270797v1_alt	197536	1451	17
chr6_KI270798v1_alt	271782	3506	24
chr7_KI270804v1_alt	157952	752	11
chr7_KI270809v1_alt	209586	2870	14
chr7_KI270806v1_alt	158166	1609	9
chr7_GL383534v2_alt	119183	1795	3
chr7_KI270803v1_alt	1111570	7366	76
chr7_KI270808v1_alt	271455	2359	28
chr7_KI270807v1_alt	126434	847	14
chr7_KI270805v1_alt	209988	1144	20
chr8_KI270818v1_alt	145606	622	14
chr8_KI270812v1_alt	282736	1198	26
chr8_KI270811v1_alt	292436	963	8
chr8_KI270821v1_alt	985506	4863	140
chr8_KI270813v1_alt	300230	1426	8
chr8_KI270822v1_alt	624492	1777	50
chr8_KI270814v1_alt	141812	1097	10
chr8_KI270810v1_alt	374415	2140	20
chr8_KI270819v1_alt	133535	725	16
chr8_KI270820v1_alt	36640	200	3
chr8_KI270817v1_alt	158983	1022	14
chr8_KI270816v1_alt	305841	4274	38
chr8_KI270815v1_alt	132244	1788	41
chr9_GL383539v1_alt	162988	973	4
chr9_GL383540v1_alt	71551	396	5
chr9_GL383541v1_alt	171286	1136	5
chr9_GL383542v1_alt	60032	489	3
chr9_KI270823v1_alt	439082	2165	24
chr10_GL383545v1_alt	179254	811	17
chr10_KI270824v1_alt	181496	1620	10
chr10_GL383546v1_alt	309802	1318	12
chr10_KI270825v1_alt	188315	1737	26
chr11_KI270832v1_alt	210133	1139	25
chr11_KI270830v1_alt	177092	1211	5
chr11_KI270831v1_alt	296895	3578	35
chr11_KI270829v1_alt	204059	1235	16
chr11_GL383547v1_alt	154407	770	12
chr11_JH159136v1_alt	200998	816	9
chr11_JH159137v1_alt	191409	830	14
chr11_KI270827v1_alt	67707	922	7
chr11_KI270826v1_alt	186169	836	8
chr12_GL877875v1_alt	167313	2735	15
chr12_GL877876v1_alt	408271	4853	13
chr12_KI270837v1_alt	40090	607	4
chr12_GL383549v1_alt	120804	987	4
chr12_KI270835v1_alt	238139	2193	12
chr12_GL383550v2_alt	169178	1882	7
chr12_GL383552v1_alt	138655	829	8
chr12_GL383553v2_alt	152874	1069	9
chr12_KI270834v1_alt	119498	1440	13
chr12_GL383551v1_alt	184319	1254	19
chr12_KI270833v1_alt	76061	463	4
chr12_KI270836v1_alt	56134	553	3
chr13_KI270840v1_alt	191684	778	5
chr13_KI270839v1_alt	180306	1110	6
chr13_KI270843v1_alt	103832	485	0
chr13_KI270841v1_alt	169134	708	10
chr13_KI270838v1_alt	306913	1755	25
chr13_KI270842v1_alt	37287	185	2
chr14_KI270844v1_alt	322166	6761	25
chr14_KI270847v1_alt	1511111	13708	144
chr14_KI270845v1_alt	180703	1189	28
chr14_KI270846v1_alt	1351393	61057	112
chr15_KI270852v1_alt	478999	1888	16
chr15_KI270851v1_alt	263054	2140	11
chr15_KI270848v1_alt	327382	2422	7
chr15_GL383554v1_alt	296527	1663	11
chr15_KI270849v1_alt	244917	1814	9
chr15_GL383555v2_alt	388773	2691	27
chr15_KI270850v1_alt	430880	4205	32
chr16_KI270854v1_alt	134193	1725	18
chr16_KI270856v1_alt	63982	347	5
chr16_KI270855v1_alt	232857	2655	28
chr16_KI270853v1_alt	2659700	36268	233
chr16_GL383556v1_alt	192462	1438	10
chr16_GL383557v1_alt	89672	901	6
chr17_GL383563v3_alt	375691	1759	29
chr17_KI270862v1_alt	391357	3539	42
chr17_KI270861v1_alt	196688	1865	16
chr17_KI270857v1_alt	2877074	28199	262
chr17_JH159146v1_alt	278131	1704	20
chr17_JH159147v1_alt	70345	760	2
chr17_GL383564v2_alt	133151	732	4
chr17_GL000258v2_alt	1821992	12650	82
chr17_GL383565v1_alt	223995	1454	21
chr17_KI270858v1_alt	235827	1876	4
chr17_KI270859v1_alt	108763	3975	8
chr17_GL383566v1_alt	90219	854	10
chr17_KI270860v1_alt	178921	1838	35
chr18_KI270864v1_alt	111737	395	4
chr18_GL383567v1_alt	289831	1928	17
chr18_GL383570v1_alt	164789	847	12
chr18_GL383571v1_alt	198278	753	3
chr18_GL383568v1_alt	104552	588	3
chr18_GL383569v1_alt	167950	566	3
chr18_GL383572v1_alt	159547	514	13
chr18_KI270863v1_alt	167999	935	14
chr19_KI270868v1_alt	61734	563	8
chr19_KI270865v1_alt	52969	723	10
chr19_GL383573v1_alt	385657	1973	20
chr19_GL383575v2_alt	170222	871	11
chr19_GL383576v1_alt	188024	937	16
chr19_GL383574v1_alt	155864	2181	8
chr19_KI270866v1_alt	43156	5294	18
chr19_KI270867v1_alt	233762	1625	14
chr19_GL949746v1_alt	987716	3025	38
chr20_GL383577v2_alt	128386	653	12
chr20_KI270869v1_alt	118774	1229	11
chr20_KI270871v1_alt	58661	592	7
chr20_KI270870v1_alt	183433	1590	38
chr21_GL383578v2_alt	63917	277	4
chr21_KI270874v1_alt	166743	710	8
chr21_KI270873v1_alt	143900	793	7
chr21_GL383579v2_alt	201197	674	10
chr21_GL383580v2_alt	74653	767	9
chr21_GL383581v2_alt	116689	1003	5
chr21_KI270872v1_alt	82692	571	10
chr22_KI270875v1_alt	259914	1886	16
chr22_KI270878v1_alt	186262	1787	20
chr22_KI270879v1_alt	304135	4381	28
chr22_KI270876v1_alt	263666	3898	17
chr22_KI270877v1_alt	101331	641	18
chr22_GL383583v2_alt	96924	624	9
chr22_GL383582v2_alt	162811	1090	5
chrX_KI270880v1_alt	284869	1400	19
chrX_KI270881v1_alt	144206	586	4
chr19_KI270882v1_alt	248807	181	2
chr19_KI270883v1_alt	170399	93	1
chr19_KI270884v1_alt	157053	67	0
chr19_KI270885v1_alt	171027	115	0
chr19_KI270886v1_alt	204239	95	0
chr19_KI270887v1_alt	209512	165	3
chr19_KI270888v1_alt	155532	71	0
chr19_KI270889v1_alt	170698	122	2
chr19_KI270890v1_alt	184499	129	5
chr19_KI270891v1_alt	170680	117	0
chr1_KI270892v1_alt	162212	953	3
chr2_KI270894v1_alt	214158	2566	10
chr2_KI270893v1_alt	161218	860	9
chr3_KI270895v1_alt	162896	1094	7
chr4_KI270896v1_alt	378547	2063	14
chr5_KI270897v1_alt	1144418	23523	38
chr5_KI270898v1_alt	130957	842	6
chr6_GL000251v2_alt	4795265	14994	164
chr7_KI270899v1_alt	190869	1298	7
chr8_KI270901v1_alt	136959	519	15
chr8_KI270900v1_alt	318687	984	8
chr11_KI270902v1_alt	106711	388	8
chr11_KI270903v1_alt	214625	1641	19
chr12_KI270904v1_alt	572349	10791	19
chr15_KI270906v1_alt	196384	1026	48
chr15_KI270905v1_alt	5161414	33376	287
chr17_KI270907v1_alt	137721	448	6
chr17_KI270910v1_alt	157099	708	22
chr17_KI270909v1_alt	325800	1113	12
chr17_JH159148v1_alt	88070	422	6
chr17_KI270908v1_alt	1423190	12205	67
chr18_KI270912v1_alt	174061	566	4
chr18_KI270911v1_alt	157710	633	19
chr19_GL949747v2_alt	729520	1779	11
chr22_KB663609v1_alt	74013	460	0
chrX_KI270913v1_alt	274009	1290	10
chr19_KI270914v1_alt	205194	117	1
chr19_KI270915v1_alt	170665	96	1
chr19_KI270916v1_alt	184516	106	4
chr19_KI270917v1_alt	190932	142	0
chr19_KI270918v1_alt	123111	74	1
chr19_KI270919v1_alt	170701	87	0
chr19_KI270920v1_alt	198005	124	2
chr19_KI270921v1_alt	282224	259	5
chr19_KI270922v1_alt	187935	117	1
chr19_KI270923v1_alt	189352	128	3
chr3_KI270924v1_alt	166540	963	5
chr4_KI270925v1_alt	555799	3146	18
chr6_GL000252v2_alt	4604811	11875	126
chr8_KI270926v1_alt	229282	982	17
chr11_KI270927v1_alt	218612	887	29
chr19_GL949748v2_alt	1064304	1097	10
chr22_KI270928v1_alt	176103	1154	5
chr19_KI270929v1_alt	186203	133	3
chr19_KI270930v1_alt	200773	127	3
chr19_KI270931v1_alt	170148	70	3
chr19_KI270932v1_alt	215732	120	3
chr19_KI270933v1_alt	170537	99	2
chr19_GL000209v2_alt	177381	103	1
chr3_KI270934v1_alt	163458	1030	7
chr6_GL000253v2_alt	4677643	12297	124
chr19_GL949749v2_alt	1091841	1051	12
chr3_KI270935v1_alt	197351	943	2
chr6_GL000254v2_alt	4827813	10286	141
chr19_GL949750v2_alt	1066390	1075	11
chr3_KI270936v1_alt	164170	1006	3
chr6_GL000255v2_alt	4606388	13015	114
chr19_GL949751v2_alt	1002683	1060	11
chr3_KI270937v1_alt	165607	1181	7
chr6_GL000256v2_alt	4929269	11869	131
chr19_GL949752v1_alt	987100	3208	26
chr6_KI270758v1_alt	76752	224	4
chr19_GL949753v2_alt	796479	1772	11
chr19_KI270938v1_alt	1066800	3510	37
chrM	16569	592899	1178
chrUn_KI270302v1	2274	22	0
chrUn_KI270304v1	2165	48	0
chrUn_KI270303v1	1942	25	0
chrUn_KI270305v1	1472	12	0
chrUn_KI270322v1	21476	61	0
chrUn_KI270320v1	4416	76	0
chrUn_KI270310v1	1201	44	0
chrUn_KI270316v1	1444	24	1
chrUn_KI270315v1	2276	17	0
chrUn_KI270312v1	998	3	0
chrUn_KI270311v1	12399	37	0
chrUn_KI270317v1	37690	26	0
chrUn_KI270412v1	1179	5	0
chrUn_KI270411v1	2646	29	0
chrUn_KI270414v1	2489	14	0
chrUn_KI270419v1	1029	3	0
chrUn_KI270418v1	2145	12	0
chrUn_KI270420v1	2321	28	0
chrUn_KI270424v1	2140	4	1
chrUn_KI270417v1	2043	10	0
chrUn_KI270422v1	1445	4	0
chrUn_KI270423v1	981	9	0
chrUn_KI270425v1	1884	5	0
chrUn_KI270429v1	1361	18	0
chrUn_KI270442v1	392061	34683	120
chrUn_KI270466v1	1233	1247	0
chrUn_KI270465v1	1774	12	0
chrUn_KI270467v1	3920	3757	1
chrUn_KI270435v1	92983	2570	4
chrUn_KI270438v1	112505	64620	44
chrUn_KI270468v1	4055	38	0
chrUn_KI270510v1	2415	40	0
chrUn_KI270509v1	2318	65	0
chrUn_KI270518v1	2186	50	0
chrUn_KI270508v1	1951	95	0
chrUn_KI270516v1	1300	14	0
chrUn_KI270512v1	22689	1209	1
chrUn_KI270519v1	138126	2782	4
chrUn_KI270522v1	5674	24	0
chrUn_KI270511v1	8127	80	0
chrUn_KI270515v1	6361	63	0
chrUn_KI270507v1	5353	85	0
chrUn_KI270517v1	3253	45	0
chrUn_KI270529v1	1899	12	0
chrUn_KI270528v1	2983	33	0
chrUn_KI270530v1	2168	50	0
chrUn_KI270539v1	993	1	0
chrUn_KI270538v1	91309	1021	2
chrUn_KI270544v1	1202	6	0
chrUn_KI270548v1	1599	4	0
chrUn_KI270583v1	1400	18	0
chrUn_KI270587v1	2969	49	0
chrUn_KI270580v1	1553	55	0
chrUn_KI270581v1	7046	94	0
chrUn_KI270579v1	31033	90	0
chrUn_KI270589v1	44474	2954	4
chrUn_KI270590v1	4685	90	2
chrUn_KI270584v1	4513	88	1
chrUn_KI270582v1	6504	28	0
chrUn_KI270588v1	6158	44	1
chrUn_KI270593v1	3041	34	0
chrUn_KI270591v1	5796	741	2
chrUn_KI270330v1	1652	3528	0
chrUn_KI270329v1	1040	13	0
chrUn_KI270334v1	1368	37	0
chrUn_KI270333v1	2699	284	0
chrUn_KI270335v1	1048	25	0
chrUn_KI270338v1	1428	24	1
chrUn_KI270340v1	1428	39	0
chrUn_KI270336v1	1026	77	0
chrUn_KI270337v1	1121	154	0
chrUn_KI270363v1	1803	26	0
chrUn_KI270364v1	2855	24	0
chrUn_KI270362v1	3530	19	0
chrUn_KI270366v1	8320	29	0
chrUn_KI270378v1	1048	7	0
chrUn_KI270379v1	1045	2	0
chrUn_KI270389v1	1298	3	0
chrUn_KI270390v1	2387	10	0
chrUn_KI270387v1	1537	0	0
chrUn_KI270395v1	1143	7	0
chrUn_KI270396v1	1880	5	0
chrUn_KI270388v1	1216	14	0
chrUn_KI270394v1	970	1	0
chrUn_KI270386v1	1788	7	0
chrUn_KI270391v1	1484	4	0
chrUn_KI270383v1	1750	6	0
chrUn_KI270393v1	1308	27	0
chrUn_KI270384v1	1658	0	0
chrUn_KI270392v1	971	7	0
chrUn_KI270381v1	1930	3	0
chrUn_KI270385v1	990	3	0
chrUn_KI270382v1	4215	33	1
chrUn_KI270376v1	1136	4	0
chrUn_KI270374v1	2656	13	0
chrUn_KI270372v1	1650	2	0
chrUn_KI270373v1	1451	2	0
chrUn_KI270375v1	2378	8	0
chrUn_KI270371v1	2805	6	0
chrUn_KI270448v1	7992	108	1
chrUn_KI270521v1	7642	62	0
chrUn_GL000195v1	182896	2596	15
chrUn_GL000219v1	179198	1848	8
chrUn_GL000220v1	161802	703190	5249
chrUn_GL000224v1	179693	8759	26
chrUn_KI270741v1	157432	559	7
chrUn_GL000226v1	15008	191	1
chrUn_GL000213v1	164239	533	9
chrUn_KI270743v1	210658	3807	9
chrUn_KI270744v1	168472	9431	20
chrUn_KI270745v1	41891	605	0
chrUn_KI270746v1	66486	1050	1
chrUn_KI270747v1	198735	1479	3
chrUn_KI270748v1	93321	480	2
chrUn_KI270749v1	158759	1668	5
chrUn_KI270750v1	148850	1778	8
chrUn_KI270751v1	150742	4439	8
chrUn_KI270752v1	27745	12737	119
chrUn_KI270753v1	62944	640	4
chrUn_KI270754v1	40191	448	2
chrUn_KI270755v1	36723	81	0
chrUn_KI270756v1	79590	5680	2
chrUn_KI270757v1	71251	3360	1
chrUn_GL000214v1	137718	6250	11
chrUn_KI270742v1	186739	2722	4
chrUn_GL000216v2	176608	28749	36
chrUn_GL000218v1	161147	3239	9
chrX	156040895	1574522	16390
chrY	57227415	250997	1923
chrY_KI270740v1_random	37240	19	6
*	0	0	534066
