chr1	248956422	3948970	234729
chr10	133797422	2407784	203000
chr11	135086622	2234721	158837
chr11_KI270721v1_random	100316	950	142
chr12	133275309	2448255	173908
chr13	114364328	2944425	833480
chr14	107043718	1479008	104381
chr14_GL000009v2_random	201709	2833	38
chr14_GL000225v1_random	211173	848	65
chr14_KI270722v1_random	194050	1037	50
chr14_GL000194v1_random	191469	478	40
chr14_KI270723v1_random	38115	329	33
chr14_KI270724v1_random	39555	269	24
chr14_KI270725v1_random	172810	612	31
chr14_KI270726v1_random	43739	160	13
chr15	101991189	1108489	110046
chr15_KI270727v1_random	448248	1510	121
chr16	90338345	1282812	98761
chr16_KI270728v1_random	1872759	5158	421
chr17	83257441	1274912	98753
chr17_GL000205v2_random	185591	872	81
chr17_KI270729v1_random	280839	738	61
chr17_KI270730v1_random	112551	215	10
chr18	80373285	1107825	105158
chr19	58617616	1121951	136527
chr1_KI270706v1_random	175055	520	33
chr1_KI270707v1_random	32032	55	4
chr1_KI270708v1_random	127682	377	25
chr1_KI270709v1_random	66860	134	8
chr1_KI270710v1_random	40176	63	5
chr1_KI270711v1_random	42210	134	7
chr1_KI270712v1_random	176043	596	49
chr1_KI270713v1_random	40745	6321	26
chr1_KI270714v1_random	41717	189	47
chr2	242193529	3824517	283860
chr20	64444167	930502	84088
chr21	46709983	5424364	316556
chr22	50818468	845083	79075
chr22_KI270731v1_random	150754	360	28
chr22_KI270732v1_random	41543	313	25
chr22_KI270733v1_random	179772	2249431	119744
chr22_KI270734v1_random	165050	730	76
chr22_KI270735v1_random	42811	228	17
chr22_KI270736v1_random	181920	1169	63
chr22_KI270737v1_random	103838	170	7
chr22_KI270738v1_random	99375	185	8
chr22_KI270739v1_random	73985	68	0
chr2_KI270715v1_random	161471	37	1
chr2_KI270716v1_random	153799	77	8
chr3	198295559	3129262	214715
chr3_GL000221v1_random	155397	234	13
chr4	190214555	2736810	237184
chr4_GL000008v2_random	209709	384	33
chr5	181538259	2884773	210838
chr5_GL000208v1_random	92689	456	103
chr6	170805979	2412844	173380
chr7	159345973	2156991	201601
chr8	145138636	2026428	168308
chr9	138394717	1820000	127656
chr9_KI270717v1_random	40062	276	17
chr9_KI270718v1_random	38054	96	5
chr9_KI270719v1_random	176845	593	37
chr9_KI270720v1_random	39050	187	7
chr1_KI270762v1_alt	354444	2642	379
chr1_KI270766v1_alt	256271	1257	46
chr1_KI270760v1_alt	109528	648	32
chr1_KI270765v1_alt	185285	3468	38
chr1_GL383518v1_alt	182439	1175	66
chr1_GL383519v1_alt	110268	720	77
chr1_GL383520v2_alt	366580	2000	123
chr1_KI270764v1_alt	50258	343	14
chr1_KI270763v1_alt	911658	4185	253
chr1_KI270759v1_alt	425601	2402	195
chr1_KI270761v1_alt	165834	1110	93
chr2_KI270770v1_alt	136240	797	72
chr2_KI270773v1_alt	70887	2885	36
chr2_KI270774v1_alt	223625	1272	110
chr2_KI270769v1_alt	120616	714	63
chr2_GL383521v1_alt	143390	821	46
chr2_KI270772v1_alt	133041	250	18
chr2_KI270775v1_alt	138019	593	54
chr2_KI270771v1_alt	110395	831	51
chr2_KI270768v1_alt	110099	374	16
chr2_GL582966v2_alt	96131	582	46
chr2_GL383522v1_alt	123821	679	97
chr2_KI270776v1_alt	174166	1777	113
chr2_KI270767v1_alt	161578	644	47
chr3_JH636055v2_alt	173151	814	66
chr3_KI270783v1_alt	109187	376	19
chr3_KI270780v1_alt	224108	601	52
chr3_GL383526v1_alt	180671	1757	86
chr3_KI270777v1_alt	173649	986	90
chr3_KI270778v1_alt	248252	1198	42
chr3_KI270781v1_alt	113034	603	36
chr3_KI270779v1_alt	205312	309	22
chr3_KI270782v1_alt	162429	695	42
chr3_KI270784v1_alt	184404	997	39
chr4_KI270790v1_alt	220246	2979	190
chr4_GL383528v1_alt	376187	1956	72
chr4_KI270787v1_alt	111943	610	50
chr4_GL000257v2_alt	586476	3532	287
chr4_KI270788v1_alt	158965	857	55
chr4_GL383527v1_alt	164536	798	54
chr4_KI270785v1_alt	119912	684	27
chr4_KI270789v1_alt	205944	937	45
chr4_KI270786v1_alt	244096	711	66
chr5_KI270793v1_alt	126136	653	49
chr5_KI270792v1_alt	179043	1326	115
chr5_KI270791v1_alt	195710	1519	168
chr5_GL383532v1_alt	82728	507	35
chr5_GL949742v1_alt	226852	1069	60
chr5_KI270794v1_alt	164558	823	67
chr5_GL339449v2_alt	1612928	7625	1033
chr5_GL383530v1_alt	101241	549	38
chr5_KI270796v1_alt	172708	1148	111
chr5_GL383531v1_alt	173459	754	58
chr5_KI270795v1_alt	131892	504	26
chr6_GL000250v2_alt	4672374	9086	422
chr6_KI270800v1_alt	175808	1100	109
chr6_KI270799v1_alt	152148	645	27
chr6_GL383533v1_alt	124736	652	38
chr6_KI270801v1_alt	870480	5138	267
chr6_KI270802v1_alt	75005	395	24
chr6_KB021644v2_alt	185823	998	80
chr6_KI270797v1_alt	197536	1047	122
chr6_KI270798v1_alt	271782	1714	228
chr7_KI270804v1_alt	157952	743	57
chr7_KI270809v1_alt	209586	938	69
chr7_KI270806v1_alt	158166	755	52
chr7_GL383534v2_alt	119183	974	47
chr7_KI270803v1_alt	1111570	8481	495
chr7_KI270808v1_alt	271455	1314	77
chr7_KI270807v1_alt	126434	1089	65
chr7_KI270805v1_alt	209988	1248	76
chr8_KI270818v1_alt	145606	748	39
chr8_KI270812v1_alt	282736	1396	102
chr8_KI270811v1_alt	292436	3223	132
chr8_KI270821v1_alt	985506	13236	875
chr8_KI270813v1_alt	300230	1066	66
chr8_KI270822v1_alt	624492	2901	204
chr8_KI270814v1_alt	141812	983	107
chr8_KI270810v1_alt	374415	1530	110
chr8_KI270819v1_alt	133535	1202	103
chr8_KI270820v1_alt	36640	263	27
chr8_KI270817v1_alt	158983	3161	123
chr8_KI270816v1_alt	305841	1997	211
chr8_KI270815v1_alt	132244	879	74
chr9_GL383539v1_alt	162988	976	38
chr9_GL383540v1_alt	71551	286	20
chr9_GL383541v1_alt	171286	871	51
chr9_GL383542v1_alt	60032	404	21
chr9_KI270823v1_alt	439082	2446	154
chr10_GL383545v1_alt	179254	897	56
chr10_KI270824v1_alt	181496	637	46
chr10_GL383546v1_alt	309802	1448	110
chr10_KI270825v1_alt	188315	1233	90
chr11_KI270832v1_alt	210133	1208	132
chr11_KI270830v1_alt	177092	771	53
chr11_KI270831v1_alt	296895	3690	256
chr11_KI270829v1_alt	204059	1047	55
chr11_GL383547v1_alt	154407	865	33
chr11_JH159136v1_alt	200998	1200	44
chr11_JH159137v1_alt	191409	830	49
chr11_KI270827v1_alt	67707	641	72
chr11_KI270826v1_alt	186169	991	72
chr12_GL877875v1_alt	167313	2788	74
chr12_GL877876v1_alt	408271	1576	104
chr12_KI270837v1_alt	40090	79	7
chr12_GL383549v1_alt	120804	516	26
chr12_KI270835v1_alt	238139	1614	99
chr12_GL383550v2_alt	169178	676	57
chr12_GL383552v1_alt	138655	1056	51
chr12_GL383553v2_alt	152874	750	68
chr12_KI270834v1_alt	119498	731	82
chr12_GL383551v1_alt	184319	906	56
chr12_KI270833v1_alt	76061	396	38
chr12_KI270836v1_alt	56134	300	37
chr13_KI270840v1_alt	191684	618	48
chr13_KI270839v1_alt	180306	1019	68
chr13_KI270843v1_alt	103832	488	21
chr13_KI270841v1_alt	169134	978	48
chr13_KI270838v1_alt	306913	1904	127
chr13_KI270842v1_alt	37287	195	20
chr14_KI270844v1_alt	322166	1644	83
chr14_KI270847v1_alt	1511111	11053	1178
chr14_KI270845v1_alt	180703	1186	96
chr14_KI270846v1_alt	1351393	86884	764
chr15_KI270852v1_alt	478999	1558	133
chr15_KI270851v1_alt	263054	598	42
chr15_KI270848v1_alt	327382	1286	74
chr15_GL383554v1_alt	296527	624	39
chr15_KI270849v1_alt	244917	1141	94
chr15_GL383555v2_alt	388773	2444	201
chr15_KI270850v1_alt	430880	2803	155
chr16_KI270854v1_alt	134193	525	47
chr16_KI270856v1_alt	63982	235	20
chr16_KI270855v1_alt	232857	1502	127
chr16_KI270853v1_alt	2659700	16494	1496
chr16_GL383556v1_alt	192462	953	67
chr16_GL383557v1_alt	89672	476	23
chr17_GL383563v3_alt	375691	1922	171
chr17_KI270862v1_alt	391357	2798	233
chr17_KI270861v1_alt	196688	1672	94
chr17_KI270857v1_alt	2877074	15910	1168
chr17_JH159146v1_alt	278131	1595	90
chr17_JH159147v1_alt	70345	1407	50
chr17_GL383564v2_alt	133151	715	47
chr17_GL000258v2_alt	1821992	7904	714
chr17_GL383565v1_alt	223995	4549	553
chr17_KI270858v1_alt	235827	1628	105
chr17_KI270859v1_alt	108763	1633	28
chr17_GL383566v1_alt	90219	474	33
chr17_KI270860v1_alt	178921	1326	120
chr18_KI270864v1_alt	111737	617	56
chr18_GL383567v1_alt	289831	4077	545
chr18_GL383570v1_alt	164789	734	36
chr18_GL383571v1_alt	198278	834	55
chr18_GL383568v1_alt	104552	440	25
chr18_GL383569v1_alt	167950	762	49
chr18_GL383572v1_alt	159547	580	40
chr18_KI270863v1_alt	167999	891	90
chr19_KI270868v1_alt	61734	731	38
chr19_KI270865v1_alt	52969	856	37
chr19_GL383573v1_alt	385657	1479	80
chr19_GL383575v2_alt	170222	675	32
chr19_GL383576v1_alt	188024	714	46
chr19_GL383574v1_alt	155864	921	45
chr19_KI270866v1_alt	43156	456	50
chr19_KI270867v1_alt	233762	1897	134
chr19_GL949746v1_alt	987716	3434	222
chr20_GL383577v2_alt	128386	654	58
chr20_KI270869v1_alt	118774	645	46
chr20_KI270871v1_alt	58661	1550	43
chr20_KI270870v1_alt	183433	1372	92
chr21_GL383578v2_alt	63917	382	41
chr21_KI270874v1_alt	166743	526	33
chr21_KI270873v1_alt	143900	651	42
chr21_GL383579v2_alt	201197	1041	68
chr21_GL383580v2_alt	74653	7575	30
chr21_GL383581v2_alt	116689	477	29
chr21_KI270872v1_alt	82692	505	44
chr22_KI270875v1_alt	259914	1454	106
chr22_KI270878v1_alt	186262	950	74
chr22_KI270879v1_alt	304135	2061	308
chr22_KI270876v1_alt	263666	1358	97
chr22_KI270877v1_alt	101331	934	86
chr22_GL383583v2_alt	96924	634	76
chr22_GL383582v2_alt	162811	1002	39
chrX_KI270880v1_alt	284869	1582	105
chrX_KI270881v1_alt	144206	700	40
chr19_KI270882v1_alt	248807	201	19
chr19_KI270883v1_alt	170399	171	19
chr19_KI270884v1_alt	157053	186	17
chr19_KI270885v1_alt	171027	206	20
chr19_KI270886v1_alt	204239	164	9
chr19_KI270887v1_alt	209512	200	25
chr19_KI270888v1_alt	155532	200	26
chr19_KI270889v1_alt	170698	204	23
chr19_KI270890v1_alt	184499	212	18
chr19_KI270891v1_alt	170680	185	21
chr1_KI270892v1_alt	162212	987	88
chr2_KI270894v1_alt	214158	709	42
chr2_KI270893v1_alt	161218	614	51
chr3_KI270895v1_alt	162896	244	13
chr4_KI270896v1_alt	378547	1296	107
chr5_KI270897v1_alt	1144418	4105	520
chr5_KI270898v1_alt	130957	424	34
chr6_GL000251v2_alt	4795265	25060	1271
chr7_KI270899v1_alt	190869	1264	44
chr8_KI270901v1_alt	136959	847	168
chr8_KI270900v1_alt	318687	3046	125
chr11_KI270902v1_alt	106711	398	47
chr11_KI270903v1_alt	214625	1065	89
chr12_KI270904v1_alt	572349	2192	149
chr15_KI270906v1_alt	196384	820	104
chr15_KI270905v1_alt	5161414	32855	5838
chr17_KI270907v1_alt	137721	976	93
chr17_KI270910v1_alt	157099	730	74
chr17_KI270909v1_alt	325800	751	54
chr17_JH159148v1_alt	88070	627	44
chr17_KI270908v1_alt	1423190	6536	495
chr18_KI270912v1_alt	174061	744	43
chr18_KI270911v1_alt	157710	626	39
chr19_GL949747v2_alt	729520	1819	126
chr22_KB663609v1_alt	74013	282	21
chrX_KI270913v1_alt	274009	1818	117
chr19_KI270914v1_alt	205194	146	13
chr19_KI270915v1_alt	170665	176	18
chr19_KI270916v1_alt	184516	206	22
chr19_KI270917v1_alt	190932	246	28
chr19_KI270918v1_alt	123111	51	4
chr19_KI270919v1_alt	170701	210	21
chr19_KI270920v1_alt	198005	193	15
chr19_KI270921v1_alt	282224	271	31
chr19_KI270922v1_alt	187935	214	21
chr19_KI270923v1_alt	189352	244	28
chr3_KI270924v1_alt	166540	263	23
chr4_KI270925v1_alt	555799	2324	161
chr6_GL000252v2_alt	4604811	16089	1020
chr8_KI270926v1_alt	229282	1035	65
chr11_KI270927v1_alt	218612	1157	87
chr19_GL949748v2_alt	1064304	858	66
chr22_KI270928v1_alt	176103	973	31
chr19_KI270929v1_alt	186203	226	20
chr19_KI270930v1_alt	200773	248	27
chr19_KI270931v1_alt	170148	191	21
chr19_KI270932v1_alt	215732	200	18
chr19_KI270933v1_alt	170537	194	18
chr19_GL000209v2_alt	177381	166	10
chr3_KI270934v1_alt	163458	244	14
chr6_GL000253v2_alt	4677643	20515	968
chr19_GL949749v2_alt	1091841	783	60
chr3_KI270935v1_alt	197351	338	28
chr6_GL000254v2_alt	4827813	15402	1071
chr19_GL949750v2_alt	1066390	863	59
chr3_KI270936v1_alt	164170	209	17
chr6_GL000255v2_alt	4606388	17198	868
chr19_GL949751v2_alt	1002683	831	57
chr3_KI270937v1_alt	165607	232	15
chr6_GL000256v2_alt	4929269	18891	1042
chr19_GL949752v1_alt	987100	3350	216
chr6_KI270758v1_alt	76752	230	12
chr19_GL949753v2_alt	796479	1517	104
chr19_KI270938v1_alt	1066800	3398	218
chrM	16569	25413	297
chrUn_KI270302v1	2274	0	0
chrUn_KI270304v1	2165	0	0
chrUn_KI270303v1	1942	0	0
chrUn_KI270305v1	1472	1	0
chrUn_KI270322v1	21476	7	1
chrUn_KI270320v1	4416	0	0
chrUn_KI270310v1	1201	1	0
chrUn_KI270316v1	1444	0	0
chrUn_KI270315v1	2276	0	0
chrUn_KI270312v1	998	0	0
chrUn_KI270311v1	12399	10	0
chrUn_KI270317v1	37690	3	0
chrUn_KI270412v1	1179	0	0
chrUn_KI270411v1	2646	0	0
chrUn_KI270414v1	2489	4	0
chrUn_KI270419v1	1029	3	0
chrUn_KI270418v1	2145	2	0
chrUn_KI270420v1	2321	2	0
chrUn_KI270424v1	2140	2	0
chrUn_KI270417v1	2043	1	0
chrUn_KI270422v1	1445	0	0
chrUn_KI270423v1	981	2	0
chrUn_KI270425v1	1884	2	0
chrUn_KI270429v1	1361	0	0
chrUn_KI270442v1	392061	40386	3067
chrUn_KI270466v1	1233	1	0
chrUn_KI270465v1	1774	1	1
chrUn_KI270467v1	3920	54	7
chrUn_KI270435v1	92983	121	12
chrUn_KI270438v1	112505	215	4
chrUn_KI270468v1	4055	5	0
chrUn_KI270510v1	2415	1	0
chrUn_KI270509v1	2318	14	2
chrUn_KI270518v1	2186	1	0
chrUn_KI270508v1	1951	0	0
chrUn_KI270516v1	1300	3	0
chrUn_KI270512v1	22689	34	2
chrUn_KI270519v1	138126	245	20
chrUn_KI270522v1	5674	5	0
chrUn_KI270511v1	8127	12	1
chrUn_KI270515v1	6361	20	4
chrUn_KI270507v1	5353	10	0
chrUn_KI270517v1	3253	6	0
chrUn_KI270529v1	1899	0	0
chrUn_KI270528v1	2983	4	1
chrUn_KI270530v1	2168	0	0
chrUn_KI270539v1	993	0	0
chrUn_KI270538v1	91309	119	9
chrUn_KI270544v1	1202	0	0
chrUn_KI270548v1	1599	0	0
chrUn_KI270583v1	1400	0	0
chrUn_KI270587v1	2969	2	0
chrUn_KI270580v1	1553	3	0
chrUn_KI270581v1	7046	8	1
chrUn_KI270579v1	31033	31	0
chrUn_KI270589v1	44474	57	4
chrUn_KI270590v1	4685	15	0
chrUn_KI270584v1	4513	2	0
chrUn_KI270582v1	6504	10	1
chrUn_KI270588v1	6158	110	5
chrUn_KI270593v1	3041	3	0
chrUn_KI270591v1	5796	20	0
chrUn_KI270330v1	1652	23	0
chrUn_KI270329v1	1040	0	0
chrUn_KI270334v1	1368	2	0
chrUn_KI270333v1	2699	11	1
chrUn_KI270335v1	1048	0	0
chrUn_KI270338v1	1428	1	0
chrUn_KI270340v1	1428	1	0
chrUn_KI270336v1	1026	2	1
chrUn_KI270337v1	1121	4	2
chrUn_KI270363v1	1803	0	0
chrUn_KI270364v1	2855	4	1
chrUn_KI270362v1	3530	2	0
chrUn_KI270366v1	8320	5	0
chrUn_KI270378v1	1048	0	0
chrUn_KI270379v1	1045	0	0
chrUn_KI270389v1	1298	0	0
chrUn_KI270390v1	2387	0	0
chrUn_KI270387v1	1537	0	0
chrUn_KI270395v1	1143	0	0
chrUn_KI270396v1	1880	1	0
chrUn_KI270388v1	1216	1	0
chrUn_KI270394v1	970	0	0
chrUn_KI270386v1	1788	0	0
chrUn_KI270391v1	1484	0	0
chrUn_KI270383v1	1750	0	0
chrUn_KI270393v1	1308	1	0
chrUn_KI270384v1	1658	0	0
chrUn_KI270392v1	971	0	0
chrUn_KI270381v1	1930	0	0
chrUn_KI270385v1	990	0	0
chrUn_KI270382v1	4215	0	0
chrUn_KI270376v1	1136	0	0
chrUn_KI270374v1	2656	5	0
chrUn_KI270372v1	1650	4	1
chrUn_KI270373v1	1451	0	0
chrUn_KI270375v1	2378	0	0
chrUn_KI270371v1	2805	3	1
chrUn_KI270448v1	7992	18	4
chrUn_KI270521v1	7642	11	0
chrUn_GL000195v1	182896	673	39
chrUn_GL000219v1	179198	787	73
chrUn_GL000220v1	161802	2132659	116817
chrUn_GL000224v1	179693	562	46
chrUn_KI270741v1	157432	523	63
chrUn_GL000226v1	15008	0	0
chrUn_GL000213v1	164239	471	52
chrUn_KI270743v1	210658	430	30
chrUn_KI270744v1	168472	1331	45
chrUn_KI270745v1	41891	31	6
chrUn_KI270746v1	66486	262	22
chrUn_KI270747v1	198735	162	13
chrUn_KI270748v1	93321	120	5
chrUn_KI270749v1	158759	392	21
chrUn_KI270750v1	148850	710	32
chrUn_KI270751v1	150742	279	17
chrUn_KI270752v1	27745	58658	910
chrUn_KI270753v1	62944	198	18
chrUn_KI270754v1	40191	115	4
chrUn_KI270755v1	36723	69	5
chrUn_KI270756v1	79590	133	5
chrUn_KI270757v1	71251	94	16
chrUn_GL000214v1	137718	306	14
chrUn_KI270742v1	186739	350	22
chrUn_GL000216v2	176608	869	81
chrUn_GL000218v1	161147	766	46
chrX	156040895	1999802	135421
chrY	57227415	326352	18227
chrY_KI270740v1_random	37240	37	2
*	0	0	6296480
